,prob_base_X,prob_1_X,prob_2_X,prob_3_X,prob_4_X,prob_5_X,prob_mid_X
0,381.619192,381.05969,381.1988740000001,381.084916,380.799242,380.405303,380.238266
1,381.348241,380.405303,380.743042,380.743042,380.306818,380.208333,379.416841
2,378.548415,378.337121,378.463881,378.691797,379.125,379.223485,379.95
3,377.155303,377.226377,378.008049,377.096385,377.253788,376.859848,376.815665
4,376.495312,377.363281,376.640553,376.754511,376.465909,376.958333,377.01
5,375.635066,375.309721,375.387015,375.728889,375.185606,375.382576,375.309721
6,376.328697,375.720433,375.728889,375.387015,374.988636,374.890152,375.47
7,375.172817,375.994241,375.387015,375.956805,375.579545,375.67803,375.88
8,377.226377,376.404953,377.666175,375.728889,376.662879,376.07197,376.23
9,378.047801,378.184705,378.008049,378.463881,377.943182,377.844697,378.047801
10,378.184705,379.69065,379.033671,378.349923,378.140152,378.435606,378.0
11,380.238266,379.279937,379.3755450000001,379.717419,379.125,378.92803,377.8
12,383.79777,383.11325,382.56637,383.13616,382.965909,382.57197,381.881114
13,384.345386,384.619195,383.933866,383.819908,383.162879,383.162879,382.565634
14,382.565634,382.976346,382.452412,382.224496,381.981061,381.882576,380.512074
15,381.881114,382.154922,381.768664,381.540748,380.897727,380.799242,380.101362
16,380.238266,380.101362,379.033671,378.805755,378.731061,378.632576,378.184705
17,376.952569,377.637089,377.096385,376.754511,376.367424,375.776515,375.172817
18,375.583529,375.309721,375.728889,375.045141,374.988636,375.481061,375.583529
19,376.404953,377.226377,375.956805,376.412637,376.367424,376.564394,376.131145
20,378.595417,378.595417,378.463881,378.691797,378.534091,378.92803,378.458513
21,379.69065,379.827554,379.033671,379.717419,378.829545,378.731061,377.363281
22,380.648978,380.922786,380.515126,379.3755450000001,379.420455,380.109848,378.184705
23,377.773993,378.184705,377.324301,378.349923,377.943182,378.041667,377.226377
24,377.363281,378.047801,377.324301,376.754511,377.253788,376.859848,375.172817
25,380.922786,380.512074,380.059293,379.033671,379.617424,379.026515,378.458513
26,381.470402,382.565634,381.540748,380.401168,381.094697,380.700758,380.238266
27,379.827554,379.006129,378.691797,379.3755450000001,379.912879,379.223485,380.101362
28,381.333498,380.238266,380.059293,379.033671,379.912879,379.026515,379.69065
29,382.976346,383.11325,383.250118,382.110538,382.375,381.587121,380.512074
30,383.387058,381.333498,381.768664,382.110538,381.685606,380.503788,380.512074
31,383.11325,382.976346,382.224496,382.110538,382.276515,381.094697,381.05969
32,383.79777,383.79777,382.794286,381.768664,382.375,382.473485,381.881114
33,382.291826,381.881114,381.084916,379.831377,380.602273,380.503788,380.648978
34,378.458513,378.595417,377.438259,376.640553,376.662879,377.155303,377.226377
35,376.404953,375.994241,375.387015,375.614931,375.481061,374.594697,373.666872
36,375.994241,376.404953,375.387015,375.045141,375.875,374.890152,373.94068
37,374.4882970000001,375.583529,374.931183,375.273057,375.481061,375.973485,375.172817
38,376.952569,374.899009,375.387015,374.589309,375.284091,375.382576,374.899009
39,376.131145,377.637089,376.070763,375.273057,375.284091,375.67803,375.583529
40,378.047801,377.773993,377.096385,376.412637,376.761364,375.67803,376.541857
41,379.416841,378.458513,378.349923,377.438259,377.844697,377.253788,378.047801
42,380.238266,380.101362,379.033671,378.122007,378.435606,378.140152,378.458513
43,380.238266,380.101362,379.831377,379.147629,378.731061,378.92803,378.047801
44,379.006129,379.69065,379.033671,378.463881,378.829545,378.731061,378.047801
45,379.416841,379.279937,379.033671,378.691797,378.534091,378.731061,378.047801
46,379.69065,378.047801,377.666175,377.666175,378.238636,378.041667,378.184705
47,380.238266,378.869225,379.147629,379.147629,379.125,380.109848,380.238266
48,382.154922,382.565634,381.882622,381.882622,381.488636,383.162879,383.387058
49,384.208482,385.440619,383.819908,384.617614,384.344697,384.049242,385.029907
50,389.137027,389.273931,389.289893,388.036354,388.875,388.382576,388.863219
51,391.738204,391.327492,391.455095,391.113221,392.026515,392.32197,392.012012
52,395.297709,394.886997,394.759877,393.848213,394.685606,394.981061,394.065572
53,396.666749,396.666749,395.785499,396.469247,395.670455,395.867424,395.297709
54,399.952446,399.541734,400.34382,400.299242,399.806818,399.117424,399.815542
55,406.797647,404.880991,404.788182,404.534091,404.238636,404.140152,403.51195
56,407.345263,407.208359,407.523175,407.067343,406.306818,405.912879,403.922662
57,410.63096,409.398823,408.890671,408.206923,407.685606,407.981061,407.208359
58,408.851207,408.988111,408.206923,407.409217,407.685606,407.094697,405.976223
59,413.36904,411.863096,411.853579,410.941915,410.443182,410.935606,410.63096
60,412.547616,413.095232,411.967537,411.283789,410.935606,410.541667,410.63096
61,413.916656,413.095232,412.537327,411.625663,411.329545,410.935606,409.672632
62,415.422601,415.422601,414.246698,413.335033,412.708333,412.412879,411.041672
63,415.422601,414.738081,413.904824,413.676908,413.299242,413.003788,411.041672
64,413.779752,414.190464,413.221075,412.537327,412.117424,411.82197,411.041672
65,411.31548,412.547616,410.486083,410.144209,409.556818,409.655303,408.851207
66,410.904768,410.083344,410.258167,409.460461,410.147727,409.753788,408.988111
67,408.851207,409.672632,408.206923,408.434839,408.57197,408.473485,408.440495
68,410.083344,409.672632,409.574419,408.890671,409.261364,409.458333,408.988111
69,412.273808,411.726192,411.283789,410.600041,411.034091,411.723485,410.220248
70,413.779752,413.095232,412.537327,412.309411,412.215909,412.117424,411.863096
71,414.190464,413.779752,413.335033,413.676908,413.102273,413.496212,411.863096
72,414.738081,414.601177,413.56295,414.018782,414.185606,414.087121,413.505944
73,416.654737,416.380929,415.956068,415.27232,415.465909,415.268939,414.738081
74,417.202353,418.708297,417.437522,416.753774,416.549242,416.746212,416.654737
75,420.077338,420.48805,420.058556,418.463144,418.125,417.632576,417.476161
76,422.952322,421.309474,421.881885,420.40043,420.981061,420.291667,417.886873
77,423.636842,423.773746,423.249381,422.565633,422.162879,421.276515,420.898762
78,422.404706,421.58328200000005,421.198136,420.514388,419.602273,418.617424,418.434489
79,421.993994,420.898762,421.084178,420.058556,419.011364,417.92803,416.244025
80,422.404706,421.720186,421.084178,420.058556,418.912879,418.617424,416.380929
81,419.666626,420.351146,419.032934,417.437522,416.549242,415.958333,415.559505
82,420.351146,418.845201,418.463144,417.437522,416.844697,415.564394,413.779752
83,418.708297,419.119009,417.779396,417.095648,416.549242,415.367424,413.916656
84,419.119009,418.845201,418.805018,417.779396,417.238636,416.450758,415.833313
85,418.297585,418.297585,417.779396,417.323564,416.844697,416.450758,415.833313
86,418.708297,418.023777,417.779396,416.98169,416.549242,416.746212,416.654737
87,421.309474,420.761858,420.058556,418.463144,418.420455,418.617424,418.434489
88,419.119009,418.708297,418.463144,417.095648,416.844697,416.746212,416.654737
89,418.845201,418.845201,418.69106,418.349186,417.829545,417.435606,416.791641
90,418.845201,419.255913,418.805018,418.69106,418.420455,418.32197,417.613065
91,420.077338,421.57197,420.058556,419.146892,419.011364,419.109848,417.613065
92,422.404706,422.404706,422.109801,420.40043,420.390152,419.700758,418.708297
93,427.743963,427.185606,425.870415,424.275003,423.738636,423.344697,421.309474
94,430.6189480000001,431.026515,430.086862,428.719365,428.367424,427.087121,425.005883
95,432.3987,433.08322,431.3404,430.3147780000001,429.056818,428.07197,427.059443
96,433.493932,432.261796,431.3404,430.77061,429.647727,428.367424,425.827307
97,435.273685,433.630836,432.366022,431.112484,430.731061,429.844697,428.565387
98,436.095109,435.753788,433.847476,433.04977,432.306818,431.912879,430.34514
99,435.273685,434.867424,433.847476,434.18935,433.193182,432.700758,431.440372
100,436.095109,436.095109,434.873098,434.075392,432.799242,431.32197,430.20823600000006
101,436.095109,434.86297300000007,434.531224,432.707896,431.912879,430.632576,428.565387
102,437.601053,437.231061,435.442888,433.733518,433.193182,431.518939,429.934428
103,438.970093,436.916533,435.556846,434.18935,432.799242,431.518939,429.386811
104,433.493932,431.166564,430.998526,428.719365,426.693182,426.200758,424.458266
105,425.005883,424.868979,423.249381,421.76792699999993,420.193182,418.518939,415.833313
106,419.529722,417.886873,417.437522,417.437522,415.367424,413.200758,410.904768
107,415.422601,413.779752,413.221075,410.827957,410.147727,409.064394,406.934551
108,407.345263,405.291703,404.33235,403.648602,403.647727,403.253788,401.595294
109,401.595294,401.047678,400.229862,399.887988,399.117424,398.132576,396.666749
110,396.666749,396.256037,395.785499,395.101751,394.094697,392.912879,391.190588
111,392.559628,392.012012,390.7713470000001,388.948019,388.284091,387.496212,385.440619
112,387.631083,387.220371,386.213026,384.503656,383.753788,382.276515,379.827554
113,380.648978,380.512074,379.831377,379.3755450000001,378.829545,376.958333,376.541857
114,371.88712,372.024024,371.968275,371.284526,371.640152,370.950758,370.654984
115,365.863343,366.274055,365.700584,366.042458,365.731061,364.450758,363.672878
116,361.208606,362.851454,363.079549,363.307465,363.170455,361.890152,361.756222
117,357.649101,357.649101,358.293313,358.521229,358.443182,358.640152,358.333621
118,355.869349,355.458637,354.532698,355.102488,354.602273,354.700758,353.815788
119,350.940804,352.17294,352.13958,350.658126,350.367424,350.07197,349.708668
120,348.476531,348.003788,348.72084,349.062714,349.481061,349.776515,349.845572
121,344.780123,344.950758,345.640152,345.935606,346.920455,347.609848,347.655107
122,344.369411,344.369411,345.530015,346.327721,346.231061,346.526515,346.970587
123,344.917027,346.422971,345.98584700000004,346.669595,346.231061,346.231061,346.970587
124,345.190835,346.012259,346.555637,346.555637,346.231061,346.526515,347.381299
125,344.369411,344.917027,345.643973,346.897512,346.920455,347.117424,347.792011
126,343.13727400000005,343.958698,344.618351,345.302099,344.753788,344.359848,344.506315
127,340.809906,342.726562,341.883359,342.567107,342.784091,342.390152,342.726562
128,339.57777000000004,339.988482,341.313569,342.225233,342.094697,341.996212,343.13727400000005
129,340.809906,342.452754,341.655443,342.225233,342.488636,343.276515,343.958698
130,342.31585,343.958698,343.364813,342.795023,343.57197,344.162879,344.780123
131,342.863466,344.369411,345.98584700000004,346.669595,347.215909,347.314394,348.202723
132,346.149163,347.244395,348.834798,349.29063,349.776515,350.07197,350.940804
133,349.708668,349.845572,350.088336,351.455832,351.844697,352.140152,352.17294
134,351.351516,353.815788,353.962908,354.874572,354.799242,354.799242,355.595541
135,359.15504500000003,358.881237,359.774767,360.344557,360.117424,360.708333,361.208606
136,360.797894,361.496212,361.712053,362.053927,362.185606,361.299242,361.34551
137,362.851454,362.440742,361.712053,362.623717,362.284091,361.890152,362.577646
138,361.34551,361.594697,361.484137,361.598095,361.693182,361.791667,362.440742
139,362.166934,362.577646,362.509759,362.623717,362.481061,362.382576,362.03003
140,360.387182,360.797894,361.370179,361.028305,361.693182,361.299242,362.03003
141,360.797894,362.03003,361.484137,361.712053,362.284091,362.185606,362.851454
142,362.988358,363.809782,363.763298,364.78892,364.647727,365.632576,365.726439
143,364.220494,366.958575,366.612248,366.042458,366.420455,366.617424,366.684767
144,366.958575,367.779999,367.865786,368.549534,367.897727,367.503788,367.369287
145,362.440742,362.577646,362.509759,362.623717,362.284091,361.890152,362.03003
146,357.23838900000004,357.922909,357.609565,356.811859,356.670455,356.473485,356.280061
147,358.059813,358.470525,358.065397,357.609565,358.147727,358.246212,358.470525
148,358.744333,359.29194900000005,360.458515,360.686431,360.117424,359.132576,359.29194900000005
149,356.280061,356.827677,356.014153,356.58394300000003,356.276515,355.981061,356.280061
150,357.23838900000004,356.416965,356.242069,355.900195,356.57197,356.473485,356.690773
151,356.827677,357.922909,357.38164900000004,355.786237,357.162879,356.473485,356.827677
152,355.047925,357.101485,357.039775,357.951439,357.556818,358.049242,358.059813
153,355.047925,354.774117,355.330405,356.128111,356.867424,356.57197,357.101485
154,356.690773,357.512197,358.407271,357.495607,358.344697,357.655303,357.922909
155,357.649101,359.15504500000003,359.774767,359.546851,360.117424,360.018939,360.113374
156,352.994364,355.047925,355.558321,355.558321,355.685606,355.685606,356.006253
157,353.13126800000003,353.815788,353.507076,354.41874,354.602273,354.405303,354.637213
158,351.762228,353.40507599999995,353.507076,352.823328,353.420455,353.32197,354.2265
159,351.762228,353.952692,353.165202,352.823328,353.617424,353.912879,353.815788
160,355.047925,355.458637,355.900195,356.128111,355.784091,355.981061,356.280061
161,355.595541,357.512197,356.58394300000003,357.153733,356.965909,356.867424,356.690773
162,357.649101,357.101485,357.38164900000004,356.811859,356.375,355.981061,355.595541
163,356.690773,357.23838900000004,356.242069,356.128111,355.488636,354.799242,353.54198
164,357.922909,358.881237,357.609565,357.495607,356.375,355.882576,354.363405
165,356.280061,355.184829,354.874572,354.41874,353.715909,353.223485,352.994364
166,355.047925,355.458637,354.646656,353.84895,354.011364,353.32197,353.54198
167,353.815788,353.54198,353.27916,352.70937000000004,351.844697,352.140152,352.17294
168,356.006253,356.416965,355.900195,355.216447,355.094697,355.094697,355.458637
169,356.280061,357.649101,356.58394300000003,356.469985,355.784091,355.587121,355.047925
170,354.2265,353.84895,354.646656,354.532698,354.897727,354.503788,355.047925
171,355.458637,355.184829,356.242069,356.58394300000003,356.079545,355.882576,355.184829
172,357.23838900000004,358.333621,358.065397,358.521229,358.147727,358.049242,357.649101
173,357.23838900000004,359.15504500000003,358.977061,358.863103,358.443182,358.049242,357.922909
174,358.881237,359.565758,360.344557,360.914347,360.806818,360.314394,360.524086
175,361.34551,361.756222,362.167885,361.712053,361.988636,361.496212,361.34551
176,362.577646,364.08359,362.851633,363.079549,362.875,362.087121,362.03003
177,365.452631,366.958575,365.472668,365.472668,365.731061,364.549242,364.494303
178,370.654984,372.434736,372.082233,372.196191,371.935606,372.82197,373.94068
179,375.172817,375.720433,376.070763,375.614931,376.367424,376.662879,376.815665
180,380.101362,380.515126,380.28721,380.059293,379.32197,379.617424,380.238266
181,388.315603,386.8967740000001,386.668858,385.871152,386.215909,385.132576,384.619195
182,391.738204,392.012012,390.7713470000001,389.973641,390.943182,390.549242,389.137027
183,399.404829,397.950702,397.950702,397.152996,397.147727,396.950758,396.119133
184,396.529845,396.241331,395.899457,394.531961,394.193182,394.390152,393.164465
185,395.434613,395.023901,393.962171,392.708633,392.026515,391.140152,390.095356
186,395.434613,395.297709,394.645919,394.418003,393.602273,392.026515,392.148916
187,395.434613,394.886997,396.013415,395.557583,395.079545,394.291667,393.244148
188,396.940557,397.077461,396.697163,396.469247,396.162879,395.17803,394.202476
189,397.898885,397.351269,397.039038,396.92508,396.556818,395.473485,394.886997
190,397.761981,396.666749,396.697163,395.785499,394.981061,394.094697,393.65486
191,394.065572,394.886997,394.190087,393.164465,393.011364,391.92803,391.6013
192,394.202476,394.418003,393.620297,393.050507,392.125,391.140152,390.91678
193,389.273931,389.268939,388.834061,388.036354,388.284091,386.708333,385.851331
194,388.041795,386.708333,385.41532,384.84553,384.147727,383.064394,382.291826
195,384.619195,383.655303,382.56637,382.794286,382.079545,379.814394,378.458513
196,379.69065,379.814394,379.831377,378.463881,378.435606,376.958333,375.720433
197,375.994241,374.890152,374.475351,374.589309,374.299242,373.609848,373.666872
198,373.119256,373.25616,373.449729,373.563687,373.412879,372.723485,372.708544
199,374.077584,373.666872,373.335771,372.993897,372.920455,372.526515,372.024024
200,371.2026,370.852273,372.424107,372.196191,372.625,372.526515,372.845448
201,370.791888,371.065696,371.284526,371.512442,371.344697,370.458333,369.83356
202,375.172817,375.172817,374.703267,375.045141,374.102273,372.82197,372.434736
203,376.815665,377.773993,377.438259,377.438259,376.958333,376.367424,375.720433
204,372.434736,373.94068,373.449729,372.993897,374.102273,374.003788,374.762105
205,371.065696,371.541667,372.652023,372.538065,373.412879,373.609848,374.351392
206,369.012135,370.064394,371.398484,370.828694,371.443182,371.344697,371.476408
207,371.613312,372.723485,373.677645,372.993897,373.511364,372.82197,373.119256
208,376.815665,377.363281,376.526595,376.982427,376.761364,376.859848,376.815665
209,379.006129,380.37517,380.173252,380.173252,380.602273,380.799242,380.512074
210,384.756099,384.756099,384.959488,384.27574,384.443182,384.049242,383.79777
211,387.494179,388.178699,387.010732,386.8967740000001,386.412879,385.231061,385.029907
212,387.494179,388.452507,388.378228,387.69448,387.102273,385.723485,385.577523
213,385.029907,384.071578,384.27574,383.819908,383.261364,382.867424,382.565634
214,383.79777,384.893003,384.389698,383.933866,383.556818,382.276515,381.470402
215,388.315603,386.809659,386.668858,386.5549,385.82197,384.837121,384.208482
216,389.54774,390.095356,389.403851,388.720103,387.299242,386.708333,385.851331
217,390.369164,390.642972,390.087599,388.606145,388.185606,386.905303,386.398947
218,387.631083,387.767987,387.12469,386.5549,385.231061,383.753788,383.387058
219,387.631083,387.357275,386.440942,385.187404,384.640152,382.276515,381.74421
220,381.74421,379.827554,379.489503,378.122007,377.352273,376.07197,374.351392
221,376.541857,378.321609,376.412637,376.070763,374.594697,373.905303,371.88712
222,374.762105,374.214488,374.361393,373.677645,373.412879,372.526515,371.2026
223,375.583529,375.035913,375.842847,374.589309,374.693182,374.200758,373.94068
224,374.351392,373.803776,373.107855,372.538065,372.329545,371.344697,371.2026
225,374.351392,375.035913,374.133477,373.563687,373.215909,372.231061,370.654984
226,376.131145,375.720433,374.817225,373.905561,373.412879,372.723485,371.88712
227,374.762105,375.857337,374.133477,373.677645,373.511364,373.018939,371.476408
228,375.583529,377.363281,375.842847,374.931183,374.102273,373.412879,372.708544
229,369.422848,369.149039,368.663492,368.093702,367.011364,366.223485,364.631207
230,367.369287,366.821671,364.902878,364.333088,363.662879,362.382576,360.797894
231,361.208606,361.34551,360.002683,359.888725,358.344697,357.162879,354.774117
232,356.690773,356.006253,356.014153,355.216447,354.011364,352.731061,351.899132
233,351.762228,352.309844,352.13958,351.455832,350.958333,349.776515,349.845572
234,349.845572,350.666996,349.176672,349.29063,348.890152,348.299242,347.381299
235,346.149163,347.792011,347.353344,346.897512,346.329545,346.42803,346.833683
236,341.63133,343.411082,343.250855,343.13689700000003,342.981061,342.587121,341.905138
237,340.673002,342.042042,342.339191,342.795023,342.193182,341.996212,342.726562
238,337.524209,339.167057,339.604199,339.718157,340.125,340.223485,340.673002
239,338.619441,339.57777000000004,338.578577,338.806493,338.943182,337.662879,338.619441
240,339.030153,339.303961,340.173989,339.034409,339.435606,339.632576,338.619441
241,338.756345,338.48253700000004,338.578577,337.666912,337.761364,338.450758,338.208729
242,335.881361,334.649225,336.185458,335.615668,335.594697,335.299242,334.92303300000003
243,333.8278,332.732568,333.108592,333.678382,333.329545,332.640152,332.048048
244,332.048048,333.417088,332.766718,332.880676,332.640152,332.049242,331.77424
245,330.131392,332.732568,332.994634,333.336508,333.034091,333.132576,332.184952
246,331.77424,333.417088,332.994634,332.880676,332.640152,332.049242,332.184952
247,331.226624,332.595664,332.424844,331.855054,331.261364,331.162879,331.226624
248,332.595664,333.006376,334.134214,333.56442400000003,333.231061,333.132576,332.184952
249,333.417088,333.006376,334.36213,333.678382,333.526515,333.526515,333.280184
250,332.595664,333.14328,332.65276,332.538802,332.147727,331.162879,329.72068
251,330.4052,329.72068,329.575893,328.550271,328.208333,327.912879,328.077831
252,326.024271,327.393311,326.499027,326.043195,325.352273,325.549242,325.613559
253,325.476655,326.024271,325.131531,325.017573,324.465909,323.973485,323.559998
254,326.434983,325.750463,326.499027,325.815279,325.352273,325.450758,324.79213500000003
255,327.256407,326.98259900000005,327.980481,328.20839700000005,327.912879,327.617424,326.84569500000003
256,327.530215,327.393311,327.524649,327.182775,326.534091,326.632576,326.708791
257,326.84569500000003,328.077831,326.954859,326.840901,326.435606,326.337121,326.024271
258,326.024271,325.476073,325.587363,325.35944700000005,324.662879,324.564394,324.381423
259,325.887367,325.860682,325.587363,325.701321,325.056818,324.958333,324.79213500000003
260,327.530215,327.73564700000003,328.550271,327.182775,327.026515,326.731061,326.434983
261,327.940927,329.17792799999995,329.006103,329.803809,329.094697,329.291667,329.173063
262,329.309968,331.19712200000004,330.031725,330.829432,331.261364,330.768939,329.994488
263,334.238512,334.995129,334.36213,335.387752,335.102273,335.200758,334.649225
264,336.292073,338.120071,338.46461800000003,338.35066,338.056818,337.859848,336.702785
265,337.934921,337.831615,338.46461800000003,337.666912,337.170455,337.07197,336.292073
266,340.399194,341.29309,340.629821,340.857737,340.912879,340.026515,340.26229
267,346.559875,345.764161,345.757931,346.213763,345.935606,346.42803,345.60154700000004
268,349.845572,350.379461,350.202294,349.974378,349.579545,349.67803,349.297955
269,350.11938,349.273712,348.378966,348.265008,347.806818,347.609848,346.833683
270,351.07770800000003,352.542882,351.56979,351.0,350.662879,349.776515,350.11938
271,358.744333,357.78317000000004,356.697901,356.242069,356.276515,355.291667,354.637213
272,359.565758,360.042744,360.800389,360.914347,361.299242,361.594697,362.03003
273,365.041919,365.66764,365.472668,366.49829,366.420455,367.109848,367.779999
274,370.654984,370.138712,369.689114,369.803072,369.867424,370.064394,369.970464
275,378.458513,377.494345,377.096385,376.982427,376.662879,375.776515,374.762105
276,380.922786,380.30765,379.489503,379.147629,378.534091,377.253788,376.815665
277,383.11325,382.6153,381.99658,380.857,380.208333,379.223485,375.994241
278,381.74421,381.012765,379.945335,380.515126,379.715909,379.026515,377.773993
279,385.029907,384.538341,384.0478240000001,383.250118,382.965909,382.768939,381.470402
280,389.137027,389.538249,388.720103,388.26427,388.185606,388.185606,386.809659
281,392.559628,391.974101,392.594675,392.024885,392.125,392.026515,391.327492
282,397.351269,396.781705,395.899457,395.101751,394.488636,392.814394,391.875108
283,404.059566,402.614931,400.799652,400.001946,399.117424,397.541667,394.750093
284,405.702415,404.858479,404.218392,403.306728,402.465909,402.662879,401.732198
285,405.565511,406.012304,405.471931,405.130057,404.140152,404.435606,403.375046
286,407.208359,407.166129,406.839427,406.155679,405.32197,404.435606,403.648854
287,411.31548,410.4353,410.030251,408.776713,408.079545,406.996212,405.291703
288,411.726192,412.807051,411.397747,410.486083,409.852273,408.57197,408.577399
289,415.148793,414.473687,414.360656,414.018782,413.594697,413.299242,411.863096
290,415.833313,415.114701,414.474614,414.930446,414.481061,414.382576,414.327368
291,420.077338,419.088986,418.463144,418.007312,416.943182,416.253788,415.148793
292,423.363034,422.93506900000006,421.881885,420.742304,419.799242,417.140152,416.517833
293,427.059443,426.0119360000001,425.414583,425.186667,424.329545,423.344697,421.720186
294,421.58328200000005,422.550461,421.995843,421.881885,421.276515,420.291667,419.255913
295,424.458266,424.281198,423.591255,422.565633,421.965909,420.587121,419.80353
296,425.827307,425.499125,424.38896100000005,423.249381,421.965909,420.390152,418.982105
297,421.309474,422.358157,421.198136,418.69106,417.829545,415.367424,413.916656
298,420.077338,419.73,417.437522,416.4119,415.07197,413.791667,411.589288
299,418.297585,418.383871,416.183984,415.386278,413.693182,412.117424,410.357152
300,413.916656,413.127558,411.967537,411.853579,409.753788,407.882576,406.523839
301,404.3333740000001,403.51235,402.167148,402.05319,400.003788,399.117424,396.666749
302,399.952446,400.114977,398.406534,398.520492,397.344697,396.359848,395.571517
303,394.613189,395.435576,395.215709,394.759877,394.488636,393.503788,392.696532
304,388.315603,388.704931,388.492187,388.036354,388.185606,387.594697,386.398947
305,384.345386,384.858848,384.0478240000001,383.933866,384.640152,383.950758,383.250154
306,387.904891,386.653687,387.12469,386.668858,386.708333,387.496212,387.220371
307,390.095356,389.474148,390.087599,390.657389,390.056818,389.958333,389.410835
308,385.029907,385.692166,384.731572,384.27574,384.344697,384.935606,384.893003
309,382.976346,382.999908,382.224496,382.452412,381.784091,381.094697,380.37517
310,384.756099,384.666544,383.591992,383.13616,383.261364,383.162879,382.018018
311,384.208482,385.243456,385.41532,384.84553,384.738636,385.526515,385.988235
312,383.11325,384.153733,384.389698,384.161782,384.147727,385.132576,385.303715
313,385.988235,385.692166,386.099068,386.213026,385.82197,386.314394,386.125139
314,389.137027,388.961336,388.036354,388.26427,388.284091,387.594697,386.809659
315,389.684644,389.858756,389.061977,388.26427,388.481061,387.299242,386.809659
316,390.91678,390.820277,389.517809,390.087599,389.367424,389.07197,388.041795
317,392.559628,392.230507,391.569053,391.113221,390.943182,390.549242,389.821548
318,392.97034,393.512535,392.480717,392.138843,391.731061,391.140152,390.642972
319,389.958452,390.6920740000001,390.201557,389.631767,388.875,388.481061,388.589411
320,391.327492,391.781797,391.227179,390.7713470000001,390.844697,389.564394,388.863219
321,394.613189,394.474055,393.848213,394.076129,393.897727,392.617424,393.381052
322,394.613189,393.512535,392.936549,392.708633,392.420455,391.92803,391.738204
323,395.297709,394.922765,394.645919,394.873835,394.488636,393.799242,393.791764
324,396.256037,395.499677,395.671541,395.215709,394.981061,394.291667,394.33938
325,397.077461,396.397097,396.241331,396.127373,395.867424,394.291667,393.928668
326,393.791764,392.935622,391.910927,391.341137,390.647727,390.844697,390.91678
327,392.833436,392.935622,392.822591,392.138843,391.534091,391.041667,390.91678
328,398.172693,396.974009,397.039038,396.241331,396.753788,396.950758,398.035789
329,401.047678,400.050876,401.369442,401.711316,402.662879,402.859848,403.785758
330,405.702415,405.050784,406.497553,406.155679,406.897727,407.882576,409.398823
331,411.452384,411.076313,410.941915,411.625663,411.625,411.526515,411.589288
332,415.148793,415.435207,415.84211,415.956068,415.662879,415.367424,416.107121
333,418.023777,418.383871,419.602724,419.032934,418.912879,418.32197,418.023777
334,419.666626,417.742857,417.893354,417.437522,417.534091,417.041667,416.928545
335,415.422601,415.883917,415.044404,414.360656,414.185606,413.890152,413.232136
336,416.244025,414.281383,413.790866,413.56295,412.708333,411.723485,411.863096
337,416.244025,417.358249,416.867732,415.614194,414.875,414.67803,414.327368
338,417.202353,417.999263,417.779396,417.095648,417.140152,415.859848,415.285697
339,420.351146,420.499217,420.172514,419.146892,418.125,417.435606,416.791641
340,420.077338,420.242811,419.26085,418.12127,417.829545,416.746212,415.559505
341,422.54160999999993,422.229954,420.856262,420.40043,419.306818,417.435606,417.202353
342,423.22613,423.576083,422.565633,422.223759,421.867424,420.094697,420.214242
343,423.22613,422.165853,421.881885,422.223759,421.57197,420.882576,419.80353
344,417.886873,417.42235,416.525858,416.639816,415.07197,413.791667,411.863096
345,414.327368,412.166037,411.283789,410.941915,409.852273,409.064394,407.345263
346,410.904768,409.281475,408.662755,407.523175,407.784091,406.700758,405.702415
347,403.101238,401.397005,401.825274,401.255484,401.481061,402.07197,402.553622
348,400.226254,399.922673,399.77403,398.976324,398.82197,398.723485,399.267925
349,398.994117,397.743226,397.266954,396.811122,397.147727,397.837121,397.077461
350,398.994117,399.34576,399.432156,399.318198,399.412879,399.905303,400.500062
351,399.952446,400.820092,401.141526,400.571736,400.594697,401.185606,401.321486
352,399.952446,400.307281,400.685694,400.685694,400.299242,400.299242,400.363158
353,403.238142,402.614931,402.850896,402.736938,403.056818,402.367424,402.416718
354,402.279814,402.807235,402.736938,402.736938,402.662879,402.662879,403.238142
355,402.82743,404.666175,404.218392,404.104434,404.238636,404.041667,404.470278
356,405.702415,407.807143,408.320881,408.548797,409.261364,409.950758,411.041672
357,412.136904,413.70447,414.360656,413.676908,414.185606,414.382576,414.464272
358,416.380929,417.358249,417.437522,417.323564,418.715909,418.32197,418.571393
359,422.54160999999993,423.127373,422.907507,422.793549,422.458333,421.867424,421.446378
360,427.743963,428.704194,428.4914490000001,428.605407,428.170455,428.268939,428.017771
361,431.987988,432.934885,433.505602,433.391644,433.488636,433.882576,434.041548
362,437.601053,437.229678,436.354552,436.810384,437.329545,437.526515,437.874861
363,441.297462,441.844977,441.824537,440.68495700000005,441.761364,441.07197,440.612942
364,448.005759,447.934609,447.636396,446.724732,447.57197,447.17803,446.773623
365,452.934304,452.614009,452.764506,451.9668,451.511364,451.412879,451.291456
366,455.442195,456.652397,454.701792,454.24596,454.662879,454.268939,451.702168
367,460.327122,459.536959,458.576365,457.436785,456.534091,456.435606,453.48192
368,460.737834,460.282028,459.146155,458.804281,458.208333,457.32197,455.946193
369,463.475914,462.076866,460.855525,460.741567,460.867424,459.685606,459.094985
370,464.844955,465.581075,463.590518,463.818434,462.640152,461.162879,457.999753
371,467.719939,468.487005,466.097594,465.641762,465.102273,463.82197,462.106874
372,467.583035,465.153733,464.958014,464.160308,463.526515,461.950758,461.559258
373,468.404459,467.375914,466.667384,465.869678,464.412879,463.723485,461.9699700000001
374,471.005636,469.512627,469.17446,468.03488,467.07197,465.791667,464.160434
375,468.541363,467.119508,466.097594,465.299888,464.117424,463.42803,460.327122
376,468.130651,467.717788,466.32551,464.502182,462.935606,461.950758,459.094985
377,469.225883,469.939969,467.806964,466.667384,464.806818,463.82197,461.696162
378,470.868732,469.769032,467.351132,466.667384,464.708333,463.723485,460.874738
379,464.708051,464.555453,463.590518,462.450937,461.261364,459.390152,457.862849
380,464.297338,464.384516,463.248643,461.881147,459.784091,458.996212,456.220001
381,463.065202,461.820461,459.260113,458.006575,456.140152,454.85984800000006,452.249784
382,450.05932,449.25659,448.54806,448.092228,446.685606,443.140152,441.845078
383,448.279567,446.35066,444.787445,443.078075,440.875,439.791667,438.28557300000006
384,441.708174,439.000369,437.722048,437.60809000000006,436.147727,434.276515,431.166564
385,434.86297300000007,433.273978,432.935812,431.796232,431.026515,429.450758,427.470155
386,427.470155,426.436498,425.98437300000006,425.98437300000006,425.708333,424.723485,423.91065
387,430.6189480000001,429.940707,427.693743,427.351869,427.284091,425.905303,424.321362
388,431.987988,430.197112,429.858945,428.605407,428.367424,427.481061,425.416595
389,428.154675,428.145868,427.123953,426.212289,425.708333,425.3143940000001,423.089226
390,429.386811,428.145868,426.668121,425.528541,424.82197,423.344697,421.035666
391,427.333251,426.692903,425.756457,425.528541,424.231061,422.458333,421.035666
392,426.648731,425.667281,423.591255,422.565633,421.375,419.405303,417.613065
393,416.791641,417.376835,416.070026,415.728152,414.875,413.003788,412.0
394,415.148793,415.41106,414.70253,414.588572,413.693182,412.412879,409.94644
395,415.559505,414.129032,414.018782,414.018782,413.988636,412.117424,411.178576
396,416.380929,414.81278,414.474614,413.904824,413.102273,412.117424,410.357152
397,418.023777,417.205898,415.84211,414.930446,413.890152,412.314394,411.589288
398,418.708297,417.462304,416.070026,415.386278,414.284091,413.003788,411.452384
399,418.845201,417.71871,416.4119,415.728152,415.367424,413.496212,412.273808
400,412.958328,413.872627,412.765243,412.879201,412.117424,411.132576,410.63096
401,413.505944,414.129032,413.676908,413.221075,412.412879,411.132576,410.220248
402,411.041672,411.223103,410.600041,409.574419,408.867424,407.587121,406.113127
403,406.523839,405.582181,404.560266,404.446308,403.647727,401.481061,399.952446
404,403.238142,401.736098,400.685694,399.660072,398.625,397.640152,395.023901
405,398.720309,398.231889,397.266954,396.127373,395.079545,392.814394,390.23226
406,397.488173,397.890015,396.697163,395.215709,394.094697,392.223485,388.452507
407,392.148916,393.360184,393.164465,392.366759,390.844697,389.07197,386.125139
408,395.297709,395.069554,393.848213,392.822591,392.420455,389.662879,388.452507
409,391.327492,389.770507,389.517809,389.289893,388.579545,386.905303,385.714427
410,386.262043,386.095361,384.959488,383.819908,383.556818,383.162879,382.291826
411,380.512074,381.052719,380.629084,379.147629,378.731061,378.92803,377.500185
412,379.006129,378.916006,379.147629,378.805755,378.238636,378.731061,377.089473
413,381.333498,381.56553,383.022202,382.452412,382.867424,383.359848,382.291826
414,381.05969,380.454439,381.312832,381.084916,381.193182,381.291667,381.881114
415,381.470402,382.334746,381.882622,381.42679,380.602273,380.208333,379.006129
416,380.238266,382.249278,380.970958,379.717419,379.617424,378.92803,377.910897
417,381.74421,381.309124,381.1988740000001,380.515126,379.32197,379.026515,378.732321
418,375.720433,377.719447,377.552217,377.780133,377.647727,377.155303,376.268049
419,378.047801,379.685222,378.235965,377.438259,377.943182,377.155303,377.089473
420,379.006129,379.25788,378.805755,378.122007,377.549242,376.564394,374.625201
421,379.416841,380.796313,380.28721,379.3755450000001,377.943182,375.973485,375.309721
422,380.512074,380.96725,380.173252,379.3755450000001,377.549242,375.67803,374.4882970000001
423,378.595417,378.146789,377.894091,376.070763,375.579545,373.314394,371.750216
424,377.637089,376.95023,376.754511,374.589309,373.708333,370.753788,368.738327
425,372.297832,373.360553,371.05661,369.91703,369.079545,366.32197,364.357398
426,367.779999,367.463226,367.182038,366.49829,364.943182,363.564394,361.893126
427,360.387182,361.309493,361.142263,359.318935,358.049242,355.981061,354.500309
428,354.637213,353.360921,352.253538,351.683748,351.352273,347.905303,345.464643
429,345.60154700000004,345.757931,344.618351,342.795023,341.208333,339.435606,337.661113
430,333.690896,334.134214,334.020256,332.65276,332.344697,331.458333,329.72068
431,330.131392,330.031725,329.006103,329.234019,327.715909,327.617424,326.84569500000003
432,322.60167,322.62445499999995,322.168623,321.940707,322.003788,320.82197,318.768357
433,316.030277,316.128848,316.698638,316.812596,315.011364,314.026515,312.607676
434,307.405323,308.151787,307.809913,307.012207,306.443182,305.753788,305.077955
435,304.256531,305.188878,304.619088,304.50513,304.079545,303.882576,303.982722
436,300.970834,302.453886,301.54222200000004,302.112012,301.617424,302.405303,301.51845
437,296.726809,296.186195,297.439734,298.123482,297.579545,298.07197,298.643465
438,294.399441,295.502447,295.388489,295.274531,294.625,294.42803,294.947057
439,296.316097,296.642027,296.528069,296.983902,296.693182,296.200758,296.863713
440,297.958945,297.89556600000003,298.579314,298.351398,299.056818,298.958333,299.875602
441,293.0304,293.109329,294.02099300000003,295.616405,295.511364,294.723485,296.453001
442,294.399441,295.274531,295.730363,296.300153,295.215909,295.905303,294.947057
443,299.601794,299.94681,298.921188,301.428264,300.238636,301.026515,300.286314
444,298.506561,300.74451600000003,301.65618,300.858474,301.32197,302.996212,302.750586
445,299.601794,301.314306,301.884096,302.22597,301.617424,303.291667,303.435106
446,303.845818,304.049298,304.733046,304.847004,304.670455,305.162879,305.488667
447,305.762475,306.442417,306.784291,306.328459,306.344697,306.640152,305.625571
448,305.488667,305.758669,307.012207,305.986585,306.344697,305.950758,304.66724300000004
449,305.899379,306.442417,307.126165,307.240123,306.935606,306.935606,306.446995
450,304.530339,305.41679500000004,305.644711,304.847004,304.375,305.162879,304.804147
451,303.298202,304.50513,303.59346600000003,304.50513,304.079545,304.473485,302.20297
452,299.738698,300.630558,300.5166,300.402642,301.026515,301.026515,300.14941
453,300.01250600000003,300.630558,300.858474,301.428264,301.420455,301.026515,300.697026
454,297.958945,299.035146,299.94681,299.37702,300.534091,300.140152,299.054177
455,292.756592,293.793077,294.476825,293.679119,294.034091,294.231061,294.399441
456,286.869719,288.323092,288.551008,287.86726,287.534091,287.92803,287.143527
457,286.869719,288.095176,288.551008,288.551008,288.125,287.92803,287.006623
458,285.226871,288.43705,288.551008,288.209134,289.011364,288.912879,287.554239
459,280.298326,281.143738,283.194982,283.30894,283.594697,283.003788,284.268543
460,277.834053,280.232073,280.346032,281.713528,281.82197,281.723485,282.214982
461,277.149533,278.750619,281.02978,281.59957,281.231061,281.42803,281.256654
462,279.476902,279.092493,280.004157,279.662283,280.443182,280.837121,280.845942
463,277.012629,279.206451,280.004157,279.548325,280.049242,280.640152,281.256654
464,277.423341,279.548325,280.801864,281.02978,282.215909,281.82197,282.899502
465,278.381669,280.118115,281.371654,280.687906,282.511364,283.496212,283.720926
466,278.655477,279.890199,280.687906,280.346032,281.920455,282.117424,282.625694
467,279.203094,279.890199,280.346032,280.346032,281.231061,281.526515,280.845942
468,279.203094,281.143738,281.143738,281.371654,282.412879,282.905303,282.48879
469,280.43523,280.573948,282.73915,283.30894,284.579545,284.67803,285.089967
470,283.584022,285.5881,286.499764,287.411428,288.912879,289.405303,291.524456
471,287.691143,290.146421,290.716211,291.17204300000003,293.049242,293.344697,294.125632
472,290.29232,292.197665,294.476825,293.679119,294.82197,295.412879,295.631577
473,294.399441,295.274531,295.730363,295.730363,296.693182,296.791667,297.274425
474,299.191081,298.579314,299.149104,299.035146,299.549242,299.549242,298.232753
475,300.56012200000004,301.314306,301.54222200000004,301.884096,302.503788,302.405303,302.20297
476,301.792258,303.023676,304.277214,303.93534,304.965909,305.655303,305.214859
477,299.738698,302.453886,302.681802,302.567844,303.390152,303.981061,304.66724300000004
478,304.256531,303.137634,304.049298,304.960962,306.443182,306.541667,305.899379
479,311.101732,311.570527,312.596149,314.077604,312.844697,313.435606,311.786252
480,319.452878,320.231336,319.09175600000003,320.915084,319.935606,320.723485,320.411206
481,322.60167,324.219867,324.105909,325.131531,324.958333,325.253788,324.929039
482,326.84569500000003,328.322355,329.347977,327.866523,328.011364,328.700758,329.857584
483,329.309968,328.778187,330.031725,329.803809,330.867424,330.57197,331.500432
484,331.77424,333.108592,333.450466,334.36213,334.117424,333.723485,334.375417
485,333.8278,335.50171,336.527332,336.41337400000003,336.481061,336.776515,336.839689
486,339.851578,338.920451,340.971695,341.427527,341.602273,341.109848,341.357522
487,346.970587,347.125428,346.327721,346.327721,346.231061,345.541667,345.327739
488,350.666996,351.341874,350.544168,350.658126,349.776515,350.564394,351.07770800000003
489,353.952692,354.98853,355.330405,354.874572,354.503788,354.700758,355.184829
490,356.006253,355.444363,355.672279,354.190824,354.306818,353.32197,353.678884
491,356.690773,356.811859,357.609565,356.242069,356.57197,355.685606,355.73244500000004
492,359.29194900000005,359.888725,360.002683,360.23059900000004,361.102273,360.708333,362.303838
493,362.577646,363.535382,364.105172,364.674962,365.238636,365.041667,366.684767
494,368.190711,368.093702,367.63787,368.549534,368.390152,368.291667,369.970464
495,369.559752,369.119324,369.005366,368.093702,369.375,368.291667,368.327615
496,370.244272,370.48682,370.600778,369.91703,369.375,368.685606,368.464519
497,370.654984,371.398484,371.968275,371.512442,371.640152,371.049242,369.970464
498,371.613312,371.398484,371.398484,371.854317,371.344697,370.753788,370.928792
499,370.654984,369.803072,370.372862,369.803072,369.965909,368.587121,368.875231
500,373.119256,374.475351,372.424107,373.563687,372.034091,371.640152,371.2026
501,379.69065,379.603461,379.261587,378.805755,379.32197,379.518939,379.006129
502,384.619195,385.529278,385.41532,386.326984,385.625,385.723485,386.809659
503,390.779876,390.543431,391.227179,390.657389,391.238636,391.140152,391.053684
504,396.940557,397.836744,394.645919,395.215709,394.390152,393.405303,393.791764
505,400.226254,400.115904,399.318198,397.608828,397.738636,396.753788,396.392941
506,399.952446,399.887988,400.115904,398.292576,397.738636,397.837121,397.898885
507,402.279814,401.255484,401.711316,400.571736,400.003788,399.708333,399.678638
508,404.3333740000001,405.016098,403.876518,402.964854,402.465909,402.07197,401.184582
509,406.386935,406.953385,406.269637,404.788182,405.026515,403.549242,402.964334
510,407.755975,407.637133,407.523175,405.813805,404.829545,405.223485,404.19647
511,410.904768,409.004629,408.662755,407.409217,406.011364,405.617424,404.19647
512,413.095232,412.765243,411.283789,410.144209,408.276515,407.094697,405.839319
513,410.494056,409.802335,408.548797,407.067343,406.208333,404.731061,404.470278
514,410.63096,410.030251,408.320881,407.409217,406.503788,405.026515,403.785758
515,408.988111,408.092965,407.865049,405.130057,405.420455,404.731061,403.375046
516,408.577399,408.434839,406.953385,405.471931,405.026515,402.958333,402.82743
517,406.113127,406.725469,404.560266,403.420686,402.958333,401.973485,399.678638
518,408.577399,407.067343,405.927763,405.471931,404.731061,403.844697,403.785758
519,410.63096,409.688377,410.258167,409.802335,409.261364,409.064394,408.577399
520,410.904768,411.739621,410.600041,409.802335,409.753788,409.064394,408.988111
521,411.726192,411.739621,410.941915,409.802335,409.261364,408.867424,407.755975
522,408.577399,408.320881,407.865049,406.497553,405.420455,404.041667,402.82743
523,408.029783,407.409217,404.90214,404.104434,403.549242,401.185606,400.08935
524,403.101238,402.964854,402.850896,401.711316,400.988636,400.299242,400.363158
525,402.416718,402.850896,402.395064,401.027568,400.988636,400.200758,399.541734
526,404.470278,403.876518,404.218392,403.078812,402.465909,401.185606,400.08935
527,406.386935,407.067343,405.130057,405.130057,403.844697,403.746212,402.14291
528,411.041672,410.144209,408.548797,408.434839,407.390152,405.912879,403.785758
529,408.851207,408.320881,407.865049,404.104434,404.829545,404.337121,403.238142
530,408.440495,409.118587,405.927763,406.041721,404.238636,403.746212,401.732198
531,405.702415,405.244015,404.218392,402.05319,401.579545,400.890152,399.678638
532,404.744087,404.90214,404.560266,402.964854,402.170455,400.890152,400.08935
533,400.77387,400.91361,401.711316,400.571736,400.397727,399.412879,399.952446
534,406.523839,403.876518,402.509022,402.05319,401.776515,400.791667,400.08935
535,405.291703,404.90214,402.850896,401.711316,400.594697,399.314394,398.309597
536,405.291703,405.244015,403.876518,402.736938,402.170455,401.087121,399.541734
537,406.523839,406.383595,404.446308,403.76256,403.056818,402.268939,401.321486
538,402.82743,403.990476,401.141526,400.91361,399.511364,398.7,396.666749
539,403.51195,402.662879,400.685694,400.34382,398.82197,397.935606,395.982229
540,400.636966,398.976324,398.976324,397.608828,396.458333,395.768939,394.613189
541,399.815542,399.090282,398.748408,397.950702,397.344697,396.458333,395.160805
542,398.172693,397.49487,396.92508,395.785499,395.670455,394.882576,393.381052
543,397.351269,396.469247,395.671541,395.443625,394.488636,394.094697,392.696532
544,398.720309,398.406534,397.608828,395.899457,395.375,394.882576,395.023901
545,398.720309,397.49487,397.380912,396.811122,396.458333,396.162879,395.160805
546,398.720309,398.748408,397.608828,397.266954,396.852273,396.950758,397.077461
547,401.595294,402.509022,402.395064,402.964854,402.07197,402.564394,399.267925
548,408.166687,408.662755,408.206923,406.725469,405.912879,406.799242,403.648854
549,414.327368,414.246698,412.081495,411.511705,410.344697,410.837121,406.660743
550,419.119009,418.349186,418.12127,417.437522,416.549242,415.662879,414.05356
551,422.13089800000006,422.337717,421.881885,421.198136,420.094697,420.587121,418.982105
552,424.595171,424.047087,424.275003,423.249381,421.867424,421.57197,420.077338
553,425.005883,424.047087,423.363339,423.13542300000006,421.867424,420.981061,418.571393
554,430.6189480000001,429.972903,430.20082,427.351869,426.397727,426.003788,423.773746
555,436.368917,437.494132,435.670804,433.733518,432.503788,432.208333,430.892756
556,440.476038,438.861629,438.405797,437.266216,435.852273,434.57197,433.630836
557,443.077214,441.596621,441.026831,440.001209,438.708333,437.526515,434.999877
558,442.529598,441.9384950000001,440.115167,439.659335,438.215909,437.42803,434.999877
559,446.636719,446.38285700000006,444.559529,443.647865,442.943182,440.973485,440.612942
560,445.815295,446.040983,444.217655,443.7618230000001,442.352273,440.973485,438.970093
561,443.898638,444.331613,442.736201,442.394327,441.465909,439.890152,438.148669
562,444.720063,444.331613,442.736201,442.28036900000006,440.875,439.594697,438.28557300000006
563,447.458143,445.699109,445.585151,444.445571,443.435606,442.549242,442.39269400000006
564,449.922416,449.459724,448.889934,447.180564,446.390152,445.503788,443.214118
565,445.541487,445.243277,444.787445,443.7618230000001,443.534091,442.450758,441.981982
566,448.005759,446.95264800000007,446.496815,445.699109,444.125,444.81,443.077214
567,448.416471,447.97827,446.83869,446.38285700000006,445.011364,444.08,443.214118
568,448.279567,448.092228,445.585151,445.357235,444.420455,443.88,442.803406
569,445.130775,445.357235,443.7618230000001,442.964117,442.647727,442.253788,440.612942
570,447.458143,446.724732,446.6107730000001,445.015361,443.829545,441.76,441.434366
571,450.74384,451.852842,449.68764,448.20618600000006,448.458333,446.390152,445.952199
572,451.291456,450.371388,449.573682,448.54806,447.375,447.41,446.089103
573,452.934304,452.5365900000001,450.599304,450.485346,449.344697,449.049242,447.184335
574,450.333128,450.82722,449.003892,448.434102,446.685606,446.094697,445.267679
575,453.345016,451.510968,450.599304,449.915556,448.261364,446.87,446.499815
576,453.755728,452.5365900000001,452.6505480000001,450.82722,450.231061,448.91,448.005759
577,455.261673,454.929708,453.67617,452.878464,451.708333,450.35,448.827183
578,454.16644,453.220338,452.080758,451.169094,450.034091,448.35984800000006,447.731951
579,452.7974,447.636396,446.268899,445.813067,444.617424,442.746212,441.434366
580,446.36291100000005,442.508285,440.457041,438.861629,438.117424,435.17,432.946316
581,432.809412,431.682274,430.884568,430.428736,429.647727,427.776515,426.648731
582,428.154675,428.947281,426.782079,426.554163,425.708333,424.723485,423.363034
583,426.511827,425.528541,424.275003,424.502919,423.640152,422.458333,421.446378
584,423.636842,422.337717,421.995843,421.881885,421.276515,420.685606,418.982105
585,419.529722,421.653968,420.286472,420.172514,419.897727,419.405303,418.023777
586,419.940434,419.7166820000001,419.26085,419.374808,419.306818,419.405303,420.48805
587,420.898762,420.286472,420.172514,419.7166820000001,419.897727,419.503788,418.434489
588,416.791641,417.323564,416.753774,416.98169,416.549242,415.859848,415.970217
589,417.065449,416.867732,417.779396,417.779396,416.844697,416.06,415.833313
590,417.613065,418.007312,417.209606,417.665438,417.731061,417.435606,417.065449
591,419.255913,419.602724,418.235228,418.463144,418.617424,418.518939,419.119009
592,420.761858,421.31209400000006,421.54001,421.76792699999993,421.079545,420.390152,420.351146
593,426.23801900000007,425.186667,424.38896100000005,424.161045,424.526515,424.231061,424.047554
594,428.154675,429.972903,427.351869,428.947281,429.056818,428.07197,428.017771
595,427.470155,427.921659,427.46582699999993,427.351869,427.185606,427.087121,425.964211
596,429.523715,429.972903,428.149575,427.579785,427.776515,426.791667,426.1011150000001
597,431.851084,430.3147780000001,430.428736,430.656652,429.844697,428.367424,428.565387
598,434.041548,433.61956,432.935812,432.47998,432.208333,431.2,430.482044
599,436.505821,435.784762,434.303308,433.847476,433.784091,433.09,432.672508
600,436.505821,434.987056,434.303308,434.075392,432.799242,432.10984800000006,431.851084
601,437.327245,437.0383,435.32893,434.417266,433.685606,432.996212,431.02966
602,436.779629,436.810384,436.924342,436.582468,435.261364,434.28,432.672508
603,436.916533,435.442888,435.214972,434.873098,433.981061,432.69,432.124892
604,434.72606900000005,434.075392,433.1637280000001,432.47998,431.912879,430.92803,430.071332
605,430.6189480000001,428.83332300000006,428.4914490000001,427.351869,426.299242,425.905303,422.404706
606,422.952322,422.451675,421.198136,420.40043,418.420455,416.450758,414.601177
607,410.63096,411.055873,410.713999,409.916293,409.261364,408.473485,406.386935
608,406.797647,407.067343,406.953385,406.383595,405.420455,405.62,403.785758
609,402.690526,403.876518,403.76256,402.62298,402.07197,402.75,400.500062
610,395.023901,395.671541,395.215709,395.557583,394.981061,393.799242,393.244148
611,388.452507,387.808438,387.12469,387.010732,386.215909,385.01,383.250154
612,381.74421,380.059293,380.173252,379.717419,378.534091,378.337121,377.089473
613,374.762105,373.905561,373.335771,372.538065,371.344697,371.246212,369.83356
614,362.166934,362.281843,361.370179,360.23059900000004,360.708333,361.003788,360.387182
615,355.458637,356.697901,355.558321,355.558321,355.390152,355.587121,355.73244500000004
616,352.17294,353.962908,353.84895,354.41874,354.799242,355.390152,355.73244500000004
617,349.43486,349.86042000000003,351.113958,351.113958,350.662879,351.450758,351.762228
618,342.452754,344.390435,344.048561,344.162519,343.670455,343.17803,343.00037000000003
619,343.13727400000005,344.846267,343.934603,342.111275,342.981061,343.17803,343.00037000000003
620,343.547986,343.478771,344.732309,345.18814100000003,344.261364,344.753788,345.190835
621,338.345633,340.28794700000003,340.971695,340.743779,341.799242,342.291667,341.768234
622,335.744457,337.325038,337.097122,338.008786,338.943182,339.140152,340.26229
623,331.77424,335.615668,335.159836,335.843584,335.988636,336.39,336.428977
624,335.059937,336.64129,337.438996,336.64129,337.465909,337.07197,336.565881
625,336.292073,336.64129,337.894828,338.692535,339.534091,340.41,339.714674
626,332.184952,333.56442400000003,333.450466,334.020256,335.594697,336.481061,336.428977
627,334.92303300000003,337.21108,337.552954,338.35066,338.647727,338.450758,338.48253700000004
628,340.399194,341.313569,342.339191,342.453149,342.390152,342.981061,343.13727400000005
629,339.167057,340.743779,341.541485,341.541485,342.094697,342.094697,341.905138
630,339.57777000000004,339.946073,340.28794700000003,339.376283,339.238636,340.223485,340.26229
631,342.31585,343.478771,342.908981,343.250855,343.867424,344.23,343.13727400000005
632,345.60154700000004,345.530015,346.441679,346.897512,347.215909,348.003788,348.476531
633,346.149163,346.897512,348.834798,348.948756,349.579545,350.07,348.750339
634,351.48842,354.76061400000003,353.84895,353.507076,353.715909,354.08,354.911021
635,355.595541,357.723523,359.43289300000004,359.546851,359.625,360.314394,361.619318
636,360.524086,360.800389,360.458515,361.028305,361.299242,361.791667,361.619318
637,361.619318,361.826011,361.484137,360.002683,360.511364,360.117424,360.66099
638,360.387182,361.484137,361.484137,361.028305,361.003788,360.708333,360.66099
639,363.809782,362.623717,363.079549,363.079549,363.367424,363.98,364.768111
640,360.797894,361.598095,362.053927,362.281843,363.465909,363.85,364.08359
641,362.166934,362.623717,363.877256,363.307465,364.056818,364.02,363.262166
642,368.327615,367.63787,367.979744,367.523912,368.390152,368.96,369.696656
643,369.012135,370.030988,370.714736,370.258904,370.458333,372.08,369.696656
644,368.190711,368.093702,368.663492,367.751828,367.602273,366.97,368.464519
645,371.065696,370.828694,370.372862,369.575156,368.981061,368.981061,369.012135
646,372.297832,372.082233,372.082233,371.284526,370.753788,369.867424,369.422848
647,367.506191,367.295996,367.182038,367.409954,367.503788,367.208333,368.053807
648,369.559752,369.461198,368.891408,368.451705,367.799242,368.291667,367.643095
649,372.845448,371.740358,371.398484,370.556818,370.261364,369.17803,368.601423
650,373.94068,373.563687,373.449729,373.412879,373.117424,372.526515,372.57164
651,376.815665,375.956805,375.728889,375.776515,374.890152,374.890152,373.94068
652,375.994241,377.666175,377.210343,376.761364,376.07197,375.382576,373.94068
653,379.827554,379.945335,380.173252,379.912879,379.715909,379.026515,378.458513
654,381.333498,380.28721,379.945335,379.420455,378.534091,379.87,377.500185
655,381.470402,382.110538,380.629084,380.306818,380.011364,380.55,379.279937
656,383.79777,383.364076,384.27574,383.753788,383.458333,383.04,381.196594
657,386.672755,386.5549,385.41532,385.625,385.526515,383.78,384.071578
658,386.809659,385.529278,385.301362,384.640152,383.753788,383.458333,382.565634
659,383.387058,381.99658,382.338454,381.784091,381.685606,380.88,379.69065
660,382.702538,382.452412,382.908244,381.784091,380.799242,380.208333,377.910897
661,383.523962,383.13616,383.022202,382.375,381.390152,380.700758,380.101362
662,380.101362,378.008049,376.412637,376.07197,375.284091,373.8,371.88712
663,366.274055,366.042458,364.105172,363.662879,362.579545,362.73,359.97647
664,366.547863,362.167885,361.484137,361.299242,359.625,358.049242,358.196717
665,362.440742,360.800389,360.002683,359.329545,359.526515,358.541667,357.786005
666,360.934798,359.546851,358.977061,359.329545,359.82197,359.02,359.565758
667,363.262166,361.142263,360.686431,360.511364,359.920455,359.42803,359.839566
668,362.440742,361.598095,361.028305,360.412879,359.526515,358.64,358.607429
669,360.113374,359.888725,359.660809,359.034091,358.443182,357.162879,356.553869
670,352.994364,352.595412,353.27916,353.026515,352.238636,350.958333,350.940804
671,352.309844,351.56979,352.595412,351.943182,352.140152,351.253788,352.17294
672,351.899132,353.051244,353.165202,353.420455,353.125,354.01,353.678884
673,349.845572,351.227916,351.91166400000003,351.943182,352.731061,352.140152,352.17294
674,349.297955,349.86042000000003,349.518546,349.481061,348.890152,348.594697,349.57176400000003
675,350.666996,352.025622,351.56979,352.238636,352.238636,352.337121,351.351516
676,355.047925,355.672279,356.014153,356.670455,356.867424,356.57197,356.690773
677,357.23838900000004,358.065397,359.318935,359.82197,360.806818,360.905303,360.797894
678,366.684767,367.63787,366.612248,365.731061,365.731061,365.435606,364.494303
679,377.226377,376.868469,376.184721,375.776515,375.776515,375.67803,375.857337
680,384.619195,383.478034,383.364076,382.57197,382.276515,382.17803,381.333498
681,389.273931,387.466564,386.099068,385.526515,385.82197,385.132576,384.619195
682,395.023901,393.962171,391.569053,390.647727,391.534091,389.859848,389.137027
683,399.541734,399.546114,398.06466,397.049242,397.049242,395.93,395.982229
684,399.404829,398.862366,399.660072,398.920455,398.82197,397.640152,397.761981
685,402.82743,402.281106,401.027568,399.806818,399.412879,399.018939,398.035789
686,407.208359,405.244015,404.104434,402.761364,401.875,400.200758,399.404829
687,404.744087,404.33235,402.167148,401.284091,401.284091,399.96,398.857213
688,403.238142,403.648602,402.395064,401.481061,400.890152,399.88,398.172693
689,403.238142,402.964854,401.4834,400.299242,399.511364,398.96,397.351269
690,404.880991,404.33235,404.788182,401.875,400.988636,398.18,396.529845
691,405.291703,403.876518,404.218392,402.761364,401.776515,400.496212,398.857213
692,403.51195,402.62298,401.369442,400.594697,400.003788,399.01,396.803653
693,392.833436,392.024885,392.138843,390.844697,389.958333,388.973485,387.083467
694,388.863219,387.238648,387.808438,387.102273,386.511364,384.640152,382.42873
695,389.137027,387.238648,385.98511,385.625,384.640152,383.064394,379.553746
696,386.809659,386.099068,385.073446,384.049242,383.162879,382.12,380.101362
697,386.672755,385.529278,384.617614,384.049242,383.458333,382.768939,381.607306
698,376.404953,376.640553,377.438259,376.958333,376.958333,376.564394,376.268049
699,375.583529,376.184721,374.019519,373.806818,373.117424,371.837121,370.51808
700,378.458513,380.401168,379.831377,378.829545,378.140152,376.3,375.857337
701,376.541857,376.526595,376.868469,376.662879,376.07197,375.087121,374.625201
702,373.119256,373.107855,371.968275,371.443182,371.049242,369.86,369.696656
703,372.024024,371.740358,371.968275,371.443182,371.049242,369.09,367.369287
704,373.666872,375.614931,376.412637,376.170455,375.579545,374.791667,372.57164
705,375.583529,375.273057,375.842847,376.958333,376.958333,377.253788,377.910897
706,380.101362,379.945335,379.603461,379.420455,379.617424,380.109848,379.553746
707,385.166811,384.0478240000001,383.933866,383.556818,382.57197,381.685606,379.69065
708,387.083467,386.440942,385.301362,385.034091,384.935606,383.35,383.79777
709,388.315603,387.466564,387.69448,387.102273,386.511364,387.76,387.083467
710,392.422724,390.999263,390.201557,390.352273,389.761364,390.07,388.315603
711,392.97034,393.050507,393.164465,392.617424,391.534091,390.844697,389.000123
712,390.779876,390.549242,389.517809,389.465909,389.367424,387.594697,387.357275
713,393.381052,392.594675,391.569053,390.647727,390.056818,388.776515,386.672755
714,395.434613,396.355289,394.531961,393.799242,392.026515,391.337121,389.54774
715,390.369164,389.631767,390.429473,389.958333,389.367424,388.185606,385.714427
716,387.631083,386.440942,386.782816,385.920455,385.329545,384.246212,382.018018
717,390.779876,389.859683,388.720103,388.875,387.693182,386.609848,383.79777
718,390.91678,390.315515,390.201557,389.761364,388.579545,387.594697,386.672755
719,385.029907,384.0478240000001,383.933866,383.162879,382.375,380.799242,379.279937
720,385.577523,384.161782,382.338454,381.390152,380.011364,378.435606,375.857337
721,384.756099,383.478034,381.654706,380.011364,378.731061,376.99,375.035913
722,378.869225,378.577839,377.780133,377.056818,376.662879,376.268939,374.351392
723,376.541857,376.640553,375.842847,376.170455,375.875,375.481061,375.172817
724,374.077584,374.247435,374.475351,374.003788,373.412879,373.018939,372.982352
725,374.4882970000001,374.931183,374.133477,373.511364,372.526515,371.935606,371.065696
726,369.83356,370.828694,370.372862,370.458333,369.965909,369.867424,369.696656
727,373.119256,372.538065,372.424107,371.640152,371.147727,370.753788,370.107368
728,372.297832,372.196191,371.398484,371.147727,370.261364,368.685606,368.053807
729,367.916903,368.093702,367.523912,367.306818,366.420455,365.632576,364.08359
730,364.08359,363.193507,362.737675,362.875,361.890152,361.44,360.387182
731,360.797894,360.800389,360.116641,358.935606,358.344697,357.162879,354.911021
732,359.29194900000005,359.546851,358.293313,357.556818,357.162879,355.587121,353.268172
733,356.280061,354.41874,354.646656,354.799242,354.208333,353.814394,352.446748
734,352.720556,353.734992,352.481454,351.943182,351.352273,350.564394,349.708668
735,346.422971,346.897512,346.783553,346.034091,345.443182,345.640152,344.369411
736,348.887243,348.265008,348.72084,348.594697,348.003788,347.314394,346.012259
737,348.476531,347.809176,349.404588,349.776515,349.579545,349.087121,348.065819
738,349.297955,349.518546,349.518546,349.481061,349.284091,348.02,347.244395
739,351.762228,351.56979,350.772084,349.776515,350.170455,349.185606,348.887243
740,351.762228,351.56979,352.823328,352.140152,351.943182,350.93,349.982476
741,354.2265,353.393118,352.823328,352.731061,351.549242,350.662879,349.57176400000003
742,349.024147,349.29063,348.72084,347.806818,347.215909,345.12,345.464643
743,347.381299,348.265008,346.669595,346.329545,346.231061,343.768939,342.31585
744,343.958698,344.162519,343.592729,342.784091,341.799242,341.109848,340.26229
745,344.369411,342.795023,343.250855,342.981061,342.685606,341.799242,340.94681
746,342.452754,342.453149,341.883359,342.193182,340.912879,340.32197,338.208729
747,340.673002,341.313569,340.28794700000003,339.534091,338.844697,338.253788,336.155169
748,340.399194,340.401905,341.313569,340.125,339.534091,339.041667,338.208729
749,343.13727400000005,342.111275,342.908981,342.094697,341.897727,341.08,339.851578
750,343.274178,342.795023,343.250855,342.094697,341.011364,340.32197,339.714674
751,336.702785,337.894828,337.438996,336.284091,335.988636,333.81,332.321856
752,336.97659300000004,335.843584,333.79234,333.231061,332.738636,330.276515,328.762351
753,332.184952,333.108592,332.65276,331.458333,330.867424,328.11,326.708791
754,332.45876,331.399222,331.28526400000004,330.276515,329.685606,328.700758,327.530215
755,329.173063,328.436313,328.892145,328.011364,328.011364,327.814394,326.708791
756,327.667119,327.752565,327.866523,327.617424,327.125,326.83,325.339751
757,327.940927,327.41069100000004,327.296733,326.731061,326.731061,325.9,325.339751
758,328.077831,326.954859,326.499027,326.435606,326.140152,326.85,326.29807900000003
759,328.488543,329.006103,328.550271,328.208333,327.715909,327.73,325.887367
760,327.667119,328.094439,326.271111,326.435606,326.731061,326.435606,325.476655
761,328.35163900000003,328.322355,328.664229,329.094697,329.193182,328.799242,326.708791
762,329.72068,331.399222,331.741096,332.049242,332.738636,332.640152,332.732568
763,333.417088,334.476088,333.79234,334.215909,334.018939,334.905303,334.92303300000003
764,336.155169,335.159836,334.704004,334.806818,334.412879,334.905303,333.280184
765,339.440866,340.060031,338.920451,338.549242,338.450758,337.564394,334.512321
766,343.13727400000005,343.820645,343.364813,342.981061,342.882576,342.390152,341.494426
767,342.863466,341.769401,342.225233,342.685606,341.996212,342.291667,340.94681
768,345.190835,344.732309,345.074183,344.261364,343.473485,343.17803,342.178946
769,346.833683,348.265008,347.353344,346.82197,346.132576,344.753788,343.958698
770,351.07770800000003,350.958333,351.455832,350.761364,350.268939,349.087121,347.928915
771,355.047925,354.76061400000003,356.014153,354.897727,354.109848,354.503788,353.268172
772,361.208606,361.484137,362.167885,362.284091,361.890152,361.594697,359.97647
773,366.958575,366.042458,365.586626,365.731061,365.435606,365.632576,364.494303
774,370.244272,369.34724,369.575156,368.685606,368.094697,368.29,366.547863
775,374.351392,374.475351,373.677645,373.806818,373.314394,372.132576,370.107368
776,375.994241,375.614931,375.159099,374.988636,373.905303,373.412879,373.393064
777,379.827554,379.261587,378.122007,377.253788,377.253788,376.367424,375.583529
778,380.238266,380.629084,380.857,380.799242,379.814394,379.36,377.089473
779,382.702538,383.70595,383.70595,382.57197,382.473485,382.276515,380.922786
780,385.988235,385.757194,385.98511,385.526515,384.935606,384.640152,383.79777
781,390.91678,391.683011,390.543431,390.056818,389.859848,390.37,386.672755
782,397.351269,397.039038,395.899457,394.784091,393.996212,393.109848,390.779876
783,398.994117,397.722786,396.92508,396.162879,395.17803,393.996212,392.833436
784,401.184582,401.825274,401.141526,400.299242,399.905303,399.018939,394.065572
785,401.047678,400.229862,400.457778,400.102273,399.609848,398.231061,396.529845
786,402.006006,402.281106,403.078812,402.367424,401.185606,400.003788,398.172693
787,408.577399,407.979007,406.611511,406.208333,405.32197,404.435606,402.14291
788,413.505944,413.56295,413.335033,411.920455,410.837121,409.67,406.660743
789,420.351146,418.235228,417.209606,416.943182,416.450758,415.69,413.232136
790,419.255913,419.374808,420.172514,419.011364,417.92803,417.85,414.464272
791,422.13089800000006,419.602724,418.918976,418.32197,417.92803,416.19,415.011889
792,421.58328200000005,422.109801,420.514388,420.094697,418.617424,416.9,416.244025
793,424.184458,426.554163,424.61687699999993,424.034091,423.640152,422.65,421.17257
794,422.952322,424.047087,422.679591,423.344697,422.35984800000006,421.276515,419.392817
795,423.22613,422.109801,422.337717,422.261364,421.473485,419.700758,419.119009
796,423.363034,423.13542300000006,422.223759,421.965909,420.882576,419.405303,418.160681
797,424.047554,422.793549,421.31209400000006,421.079545,419.503788,416.450758,414.464272
798,424.047554,422.679591,419.26085,418.617424,417.731061,414.382576,412.958328
799,416.791641,418.007312,416.525858,415.170455,413.791667,411.42803,409.94644
800,412.68452,411.055873,410.713999,409.261364,407.981061,405.93,403.785758
801,410.220248,410.144209,407.523175,407.094697,405.223485,403.155303,401.047678
802,407.755975,406.611511,407.181301,405.912879,404.435606,402.958333,400.636966
803,402.690526,402.958333,402.509022,401.382576,400.890152,399.609848,398.446501
804,400.226254,400.115904,400.001946,399.018939,398.526515,398.51,397.351269
805,399.541734,399.20424,399.090282,398.920455,397.837121,396.359848,395.571517
806,401.047678,400.115904,400.457778,400.791667,399.708333,398.526515,398.583405
807,401.45839,400.115904,399.432156,399.511364,398.723485,397.935606,396.803653
808,396.529845,396.355289,396.241331,395.375,394.685606,393.799242,393.244148
809,396.529845,395.101751,394.873835,395.375,394.390152,393.996212,391.875108
810,392.148916,394.304045,393.848213,392.715909,391.632576,391.337121,390.23226
811,393.791764,392.708633,394.645919,394.488636,394.094697,394.390152,392.696532
812,395.023901,395.443625,397.039038,396.064394,394.981061,395.29,394.065572
813,397.898885,398.06466,397.608828,397.738636,397.049242,395.768939,394.065572
814,400.363158,399.546114,399.432156,399.215909,397.837121,396.950758,395.297709
815,404.059566,403.534644,402.509022,401.67803,400.496212,399.018939,396.392941
816,407.208359,405.016098,404.788182,404.238636,403.450758,401.973485,399.404829
817,403.922662,404.674224,404.446308,403.647727,402.662879,401.481061,400.08935
818,404.059566,404.674224,403.76256,402.761364,401.776515,401.185606,398.446501
819,404.744087,404.218392,403.876518,402.859848,400.890152,400.594697,397.625077
820,408.029783,406.953385,406.839427,405.715909,404.92803,403.17,400.910774
821,402.690526,401.141526,402.167148,401.973485,401.481061,400.200758,398.172693
822,404.744087,402.964854,401.825274,401.284091,401.382576,400.496212,398.446501
823,406.386935,406.269637,406.155679,406.011364,404.632576,404.140152,403.375046
824,408.851207,407.751091,408.662755,408.17803,406.996212,406.64,404.607183
825,410.904768,409.004629,410.030251,409.261364,408.57197,408.473485,407.619071
826,412.547616,412.195453,410.600041,410.147727,409.064394,407.587121,405.565511
827,413.095232,411.397747,410.258167,409.359848,408.276515,407.82,404.744087
828,410.904768,408.776713,409.232545,408.965909,407.981061,407.291667,404.744087
829,412.958328,412.537327,414.13274,413.496212,413.200758,412.609848,410.904768
830,414.601177,413.107117,412.993159,413.791667,414.087121,414.185606,414.874985
831,417.065449,417.893354,416.753774,417.534091,417.435606,417.435606,417.202353
832,420.761858,419.26085,420.172514,419.897727,419.503788,417.94,417.202353
833,423.636842,421.76792699999993,421.54001,421.079545,420.390152,419.21,419.666626
834,420.351146,420.40043,419.83064,420.587121,419.996212,418.814394,419.666626
835,423.773746,422.451675,422.337717,421.768939,420.587121,420.390152,419.80353
836,424.184458,422.109801,422.337717,421.965909,421.17803,419.503788,418.845201
837,419.666626,417.323564,417.209606,416.943182,416.450758,415.93,415.559505
838,416.380929,418.007312,418.12127,417.632576,417.435606,417.5,416.928545
839,420.48805,419.7166820000001,419.944598,419.306818,418.912879,418.223485,416.928545
840,421.993994,421.995843,422.337717,421.670455,420.587121,419.799242,417.749969
841,424.047554,422.337717,421.198136,420.488636,419.799242,418.87,418.160681
842,423.363034,420.97022,421.198136,420.193182,419.503788,418.912879,418.023777
843,422.13089800000006,421.084178,420.856262,419.602273,418.617424,417.731061,416.928545
844,418.845201,418.007312,418.12127,417.534091,416.844697,415.564394,415.148793
845,420.077338,419.26085,419.602724,419.011364,417.632576,416.253788,414.464272
846,424.868979,420.058556,421.31209400000006,420.784091,419.503788,418.15,416.791641
847,424.458266,423.021465,422.907507,422.261364,422.162879,420.981061,419.392817
848,422.815418,421.76792699999993,421.198136,420.291667,419.405303,417.731061,416.107121
849,422.13089800000006,419.602724,419.944598,419.700758,418.814394,417.337121,416.107121
850,422.815418,421.426052,420.97022,419.996212,419.700758,418.223485,417.613065
851,422.815418,420.742304,420.628346,420.488636,419.799242,418.32197,417.613065
852,420.48805,420.742304,419.146892,419.109848,418.32197,418.223485,417.749969
853,419.940434,420.058556,419.488766,418.518939,417.632576,417.337121,417.339257
854,421.993994,423.705213,422.223759,422.261364,422.162879,422.06,420.077338
855,427.880867,427.46582699999993,425.98437300000006,425.905303,426.791667,425.708333,425.553499
856,432.261796,430.542694,430.428736,430.534091,430.140152,430.140152,429.66062
857,435.547493,435.442888,434.645182,434.17803,433.981061,434.57197,434.589165
858,438.148669,436.810384,436.696426,436.443182,436.344697,436.53,436.916533
859,440.065326,438.861629,439.773293,439.496212,439.003788,439.003788,437.874861
860,442.94031,441.254747,442.166411,443.238636,441.85984800000006,441.367424,441.434366
861,447.184335,448.775976,447.97827,446.784091,447.17803,446.882576,445.541487
862,452.11288,451.05513600000006,450.599304,451.60984800000006,452.200758,451.91,451.291456
863,458.684273,459.374071,458.234491,457.420455,457.518939,456.92803,456.356905
864,468.130651,464.160308,464.388224,464.018939,462.935606,462.541667,460.327122
865,468.815171,466.553426,466.439468,465.693182,464.412879,463.87,462.5175860000001
866,467.719939,466.553426,465.75572,464.215909,463.42803,462.23,460.464026
867,468.952075,467.57904800000006,468.03488,467.268939,466.185606,465.003788,462.380682
868,471.005636,471.567578,470.769872,469.632576,468.450758,467.367424,465.803283
869,473.743716,472.593201,473.50486500000005,472.882576,471.799242,469.01,467.446131
870,477.987741,475.784025,476.58173099999993,475.541667,473.57197,472.291667,469.910404
871,480.31511,478.063185,477.379437,476.329545,474.753788,472.882576,471.963964
872,477.029413,475.784025,474.644445,474.35984800000006,472.685606,470.89,469.910404
873,477.166317,475.670067,474.644445,473.375,472.390152,470.41,467.719939
874,476.755605,474.074655,472.821117,472.587121,471.208333,468.51,467.446131
875,472.100868,472.935075,470.88383,469.041667,468.253788,464.9,462.928298
876,468.130651,468.148838,467.351132,465.693182,463.82197,461.35984800000006,460.053314
877,467.993747,466.439468,465.299888,464.806818,463.723485,460.23,457.862849
878,469.225883,467.123216,466.097594,465.693182,464.117424,461.753788,460.053314
879,463.475914,462.792811,462.336979,461.0643940000001,459.587121,457.912879,456.630713
880,461.833066,461.767189,458.576365,458.011364,456.435606,455.37,453.071208
881,457.041425,454.587834,453.448254,452.496212,451.60984800000006,449.640152,448.416471
882,451.565264,450.143472,448.889934,448.0643940000001,446.685606,443.435606,442.2557900000001
883,446.36291100000005,445.357235,443.7618230000001,443.534091,442.450758,438.91,437.464149
884,438.422477,435.442888,435.670804,435.655303,434.768939,433.1,430.482044
885,430.34514,429.175197,428.83332300000006,428.5643940000001,428.367424,426.200758,423.773746
886,428.291579,426.896037,427.009995,427.382576,426.496212,425.018939,423.363034
887,429.797524,429.175197,428.719365,429.056818,428.5643940000001,427.71,425.964211
888,426.922539,426.098331,425.414583,424.920455,424.231061,423.9,421.446378
889,423.363034,423.819171,422.223759,421.375,420.981061,418.8,418.845201
890,419.529722,418.69106,418.805018,418.518939,417.435606,416.11,415.285697
891,418.297585,417.893354,416.867732,416.746212,415.367424,414.27,413.095232
892,414.327368,413.107117,412.993159,412.806818,411.526515,410.049242,409.125015
893,413.916656,412.765243,412.309411,411.42803,410.935606,409.458333,408.577399
894,415.970217,417.209606,416.525858,415.170455,414.973485,413.594697,412.68452
895,415.559505,414.246698,413.676908,413.791667,412.905303,412.412879,411.863096
896,417.065449,414.474614,414.474614,414.284091,413.890152,413.200758,412.0
897,415.833313,413.790866,413.790866,413.200758,412.609848,411.42803,410.357152
898,413.779752,412.195453,411.055873,410.541667,410.049242,410.0,408.166687
899,411.041672,409.802335,410.030251,409.359848,408.768939,408.276515,407.755975
900,409.672632,407.409217,407.523175,407.784091,406.799242,405.92,405.291703
901,407.755975,407.979007,406.953385,406.996212,406.503788,405.617424,405.017895
902,408.166687,407.067343,406.155679,405.420455,404.632576,403.549242,402.82743
903,407.755975,406.953385,404.788182,403.943182,402.958333,400.791667,399.131021
904,398.172693,397.49487,396.697163,396.261364,395.768939,394.390152,392.559628
905,394.476285,394.076129,392.936549,393.011364,392.912879,391.43,390.095356
906,394.065572,392.024885,392.252801,391.632576,390.746212,389.662879,389.273931
907,391.190588,388.948019,387.466564,387.693182,387.496212,386.117424,385.577523
908,386.809659,385.757194,386.440942,385.42803,384.935606,383.753788,382.702538
909,381.470402,380.970958,380.173252,380.011364,379.617424,379.223485,378.595417
910,380.101362,378.691797,378.805755,378.829545,378.435606,377.450758,376.952569
911,376.131145,376.298679,376.412637,375.973485,375.67803,375.087121,375.309721
912,376.541857,378.691797,378.463881,379.125,379.617424,379.32197,378.595417
913,378.458513,380.629084,380.515126,380.306818,380.503788,380.503788,381.607306
914,382.154922,383.022202,383.022202,381.587121,381.390152,381.587121,380.648978
915,382.976346,383.364076,382.224496,382.375,382.17803,380.996212,380.648978
916,379.279937,378.349923,379.489503,378.829545,378.731061,378.33,378.321609
917,376.404953,377.324301,377.780133,377.352273,376.859848,376.87,375.720433
918,379.279937,379.3755450000001,378.919713,378.632576,378.041667,376.56,376.541857
919,381.470402,379.945335,380.173252,380.306818,379.617424,378.731061,378.184705
920,381.470402,380.970958,379.489503,379.420455,378.632576,378.337121,378.184705
921,382.565634,381.768664,381.99658,381.291667,380.405303,379.518939,379.006129
922,382.291826,382.338454,380.629084,379.715909,378.731061,377.155303,375.035913
923,378.595417,379.033671,377.894091,376.859848,375.481061,374.16,372.160928
924,374.899009,375.614931,375.387015,374.397727,372.723485,370.34,369.149039
925,367.916903,367.63787,367.182038,367.011364,365.731061,364.549242,363.125262
926,363.809782,364.333088,364.561004,363.859848,362.67803,361.99,361.893126
927,356.280061,356.697901,355.900195,356.17803,355.587121,355.29,353.268172
928,351.351516,350.544168,350.202294,349.284091,348.791667,347.609848,346.970587
929,343.68489,341.769401,341.655443,341.306818,339.92803,338.746212,338.345633
930,332.048048,331.057348,331.399222,331.655303,330.473485,329.587121,328.077831
931,325.202847,326.61298500000004,327.638607,327.223485,326.337121,325.746212,326.161175
932,320.54811,318.749882,321.143,321.314394,320.723485,319.935606,319.589782
933,314.935045,314.98926800000004,315.217184,315.011364,314.617424,313.28,313.292196
934,309.595788,310.31698900000004,310.544905,310.382576,311.367424,310.776515,310.417212
935,307.131515,307.126165,308.493661,308.511364,308.905303,308.708333,308.774363
936,301.655354,303.137634,303.93534,304.670455,305.359848,304.768939,305.077955
937,295.905385,297.66765,297.89556600000003,298.268939,298.564394,298.07197,298.232753
938,290.97684,291.741833,291.96974900000004,292.359848,292.950758,292.655303,292.756592
939,288.238759,289.690589,289.918505,290.291667,290.685606,290.882576,291.113744
940,285.226871,285.929974,286.841638,287.337121,287.92803,288.223485,287.828047
941,280.709038,282.511234,282.853108,284.087121,284.382576,284.776515,285.089967
942,280.024518,282.283318,282.853108,283.496212,283.791667,285.25,285.500679
943,279.887614,281.143738,282.055402,283.200758,283.791667,284.185606,285.363775
944,282.351886,282.853108,284.904352,285.170455,286.844697,287.731061,289.060183
945,288.238759,288.095176,289.690589,289.996212,290.587121,291.93,294.399441
946,294.262537,295.844321,296.186195,296.988636,297.382576,298.564394,300.970834
947,300.970834,303.707424,302.909718,302.700758,302.405303,303.390152,303.845818
948,303.708914,305.07492,304.960962,304.965909,304.473485,304.768939,305.214859
949,300.01250600000003,301.65618,301.884096,302.011364,302.799242,303.587121,303.161298
950,297.274425,297.553692,297.781608,297.382576,297.481061,298.07197,297.685137
951,294.673249,296.186195,297.439734,297.67803,297.382576,296.36,297.000617
952,299.191081,300.060768,300.288684,301.223485,301.32197,300.731061,300.14941
953,303.298202,303.023676,304.733046,304.17803,303.981061,303.587121,304.393435
954,304.256531,305.530753,306.328459,305.852273,305.950758,305.064394,303.982722
955,304.530339,305.758669,305.644711,305.064394,304.768939,303.587121,303.435106
956,304.256531,303.821382,304.39117200000004,304.473485,304.473485,303.882576,303.024394
957,300.56012200000004,301.08639,300.5166,300.92803,300.632576,300.435606,300.697026
958,295.631577,296.983902,297.781608,297.579545,297.776515,297.481061,297.685137
959,294.673249,295.958279,295.388489,295.609848,295.609848,295.8,294.947057
960,294.262537,295.274531,295.730363,296.200758,296.299242,295.905303,294.810153
961,294.673249,296.300153,297.211818,297.087121,296.200758,296.25,296.179193
962,294.673249,295.616405,295.160573,295.609848,295.412879,295.0,295.768481
963,294.810153,294.932657,295.046615,296.102273,296.496212,296.79,295.768481
964,297.137521,298.009524,299.490978,299.943182,300.041667,300.28,300.14941
965,294.399441,295.274531,296.86994300000003,297.67803,298.367424,298.71,297.822041
966,289.470896,289.12079900000003,289.348715,290.193182,291.17803,291.17803,291.66136
967,290.29232,290.032463,290.260379,291.079545,290.981061,290.981061,291.250648
968,289.881608,290.830169,290.716211,291.473485,293.541667,293.11,294.947057
969,288.238759,289.006841,290.944127,291.670455,292.359848,291.768939,292.07207200000005
970,290.29232,292.197665,292.995371,293.738636,295.018939,295.314394,295.631577
971,296.316097,300.630558,299.604936,299.352273,300.041667,300.92803,302.339874
972,296.863713,299.035146,298.23744,299.155303,299.155303,299.450758,300.14941
973,296.726809,298.579314,299.263062,298.859848,298.859848,298.958333,298.643465
974,300.423218,300.630558,300.858474,300.92803,301.026515,301.223485,301.381546
975,301.244642,303.137634,304.39117200000004,303.882576,304.768939,305.162879,304.393435
976,293.988728,295.616405,296.186195,296.791667,297.67803,298.268939,297.822041
977,297.958945,299.37702,298.921188,299.352273,300.337121,300.731061,300.970834
978,304.66724300000004,304.163256,305.758669,306.147727,306.837121,306.640152,307.268419
979,306.720803,308.493661,310.089073,310.087121,310.973485,312.253788,315.893373
980,315.756469,315.331142,315.217184,315.996212,316.390152,316.587121,316.304085
981,327.940927,326.954859,327.182775,326.92803,327.32197,326.041667,326.571887
982,332.048048,334.248172,333.678382,333.920455,334.412879,334.708333,334.375417
983,335.47064900000004,335.50171,336.41337400000003,336.579545,336.481061,336.67803,336.702785
984,341.083714,341.085653,341.655443,341.602273,341.503788,340.32197,340.125386
985,344.506315,345.074183,344.732309,344.950758,344.655303,343.867424,343.00037000000003
986,341.63133,343.820645,344.048561,343.670455,343.17803,342.882576,343.00037000000003
987,345.738451,345.074183,345.416057,345.443182,345.541667,344.753788,344.095602
988,347.381299,347.467302,348.492924,348.693182,348.200758,347.708333,347.518203
989,346.149163,346.783553,347.125428,346.625,346.231061,346.132576,346.559875
990,349.297955,349.176672,349.062714,348.791667,348.496212,348.003788,348.202723
991,356.006253,355.444363,356.697901,356.17803,356.17803,354.996212,355.321733
992,362.988358,363.991214,364.447046,364.647727,365.041667,364.253788,363.535974
993,368.327615,368.093702,368.663492,368.784091,368.882576,368.094697,367.916903
994,372.297832,372.879939,372.652023,372.132576,372.231061,371.837121,371.2026
995,373.529968,373.107855,373.791603,373.018939,371.935606,371.344697,370.928792
996,372.845448,373.708333,374.133477,373.806818,373.708333,372.723485,372.982352
997,375.994241,376.526595,376.070763,375.284091,375.776515,374.594697,374.4882970000001
998,378.184705,378.349923,378.805755,378.534091,378.435606,378.041667,377.089473
999,380.512074,381.42679,380.857,380.897727,381.094697,380.700758,380.648978
