,prob_base_Y,prob_1_Y,prob_2_Y,prob_3_Y,prob_4_Y,prob_5_Y,prob_mid_Y
0,323.795071,314.190856,307.238159,300.212757,293.442655,287.157793,277.537139
1,327.728714,320.557345,310.449771,302.621466,295.597465,288.594333,278.019424
2,321.217857,315.709023,309.847593,301.216386,295.23833,286.080388,278.0
3,323.250858,314.914284,309.24541600000003,301.216386,295.597465,287.696495,278.019424
4,316.354012,312.985141,306.635981,300.614209,294.699627,287.157793,278.0
5,316.619663,312.743998,307.438884,298.2055,294.699627,287.696495,278.019424
6,332.029029,315.637713,308.643239,299.61058,295.597465,287.157793,278.0
7,322.630856,313.467427,308.041062,299.409854,293.622222,286.439523,278.0
8,327.694857,315.637713,307.840336,299.409854,293.442655,286.978225,278.0
9,319.978285,313.70857,304.82945,296.599694,291.467412,284.823415,278.019424
10,322.148571,314.431999,306.03380400000003,297.603323,292.006115,285.00298300000003,278.0
11,323.595428,314.914284,306.03380400000003,297.804048,292.36525,285.54168500000003,278.0
12,325.765714,312.985141,306.23453,295.79679100000004,290.92871,284.284713,276.81371
13,329.14171400000004,318.531427,310.851222,301.41711200000003,294.699627,285.00298300000003,278.019424
14,324.318856,314.431999,308.442513,299.409854,293.442655,285.90082,278.742853
15,326.971428,317.807999,310.851222,299.61058,293.622222,285.90082,278.019424
16,324.077714,313.467427,308.041062,297.804048,292.903952,285.00298300000003,278.260567
17,327.212571,314.190856,310.249045,299.409854,295.058762,287.696495,280.18971
18,328.659428,314.914284,307.840336,300.212757,293.442655,286.978225,278.742853
19,327.212571,316.361142,310.249045,301.818563,294.699627,286.439523,277.537139
20,332.035428,318.77257000000003,311.654125,301.818563,295.058762,287.696495,277.295996
21,327.212571,316.361142,311.051948,300.814935,294.52006,286.978225,277.537139
22,332.758857,319.978285,311.45339900000005,302.621466,295.777032,286.439523,278.260567
23,322.630856,314.190856,309.64686800000004,301.216386,294.52006,286.439523,277.295996
24,323.354285,316.361142,309.64686800000004,301.216386,295.597465,287.516928,278.019424
25,317.08457000000004,309.850284,303.825821,296.599694,291.467412,285.00298300000003,278.260567
26,318.531427,311.538284,306.03380400000003,297.201871,291.467412,285.00298300000003,278.019424
27,326.24799900000005,313.70857,308.442513,297.804048,293.442655,286.080388,278.019424
28,325.524571,315.637713,308.643239,300.614209,293.981357,286.080388,278.260567
29,333.723429,322.871999,314.665011,305.632353,297.213572,286.439523,276.090281
30,328.659428,320.942856,312.657754,303.223644,296.136167,286.439523,277.537139
31,336.376,325.765714,313.460657,304.427998,296.136167,286.61909,276.81371
32,329.14171400000004,319.49599900000004,311.654125,301.818563,295.058762,286.439523,276.81371
33,329.382857,317.807999,309.24541600000003,301.818563,294.699627,286.439523,276.572567
34,324.077714,313.70857,304.82945,298.2055,293.08352,285.362118,276.572567
35,318.290285,310.573713,303.223644,295.79679100000004,291.826547,284.284713,276.090281
36,321.18399900000003,311.297141,303.223644,295.79679100000004,291.826547,285.90082,276.81371
37,318.290285,307.92114100000003,301.216386,294.592437,290.390007,282.848173,273.919996
38,326.971428,313.70857,305.431627,295.79679100000004,290.390007,283.207308,276.81371
39,327.212571,317.807999,307.238159,297.804048,292.903952,284.46428,278.019424
40,330.106285,319.254856,309.24541600000003,299.409854,293.442655,285.00298300000003,278.260567
41,334.929143,321.666285,311.654125,301.818563,295.058762,287.516928,278.742853
42,331.55314300000003,320.219428,308.041062,299.61058,294.160925,285.362118,278.260567
43,332.517714,319.978285,310.449771,301.41711200000003,293.981357,288.594333,278.983996
44,323.113142,315.878856,307.840336,300.012032,293.08352,286.61909,278.983996
45,323.836571,317.325713,307.840336,299.61058,293.622222,285.90082,278.983996
46,327.936,315.155427,308.041062,298.2055,292.006115,285.362118,277.537139
47,325.765714,315.155427,305.632353,297.201871,292.006115,284.823415,278.742853
48,333.0,319.978285,307.238159,298.2055,292.36525,284.823415,277.537139
49,327.453714,317.08457000000004,308.442513,298.807677,292.903952,284.46428,278.983996
50,335.170286,323.836571,310.449771,300.212757,295.058762,286.080388,276.81371
51,330.347428,320.701713,310.851222,300.212757,293.08352,286.439523,277.537139
52,335.170286,320.701713,312.055576,301.216386,293.981357,286.978225,279.466282
53,333.723429,318.77257000000003,311.654125,302.019289,295.058762,286.080388,278.983996
54,328.659428,316.361142,308.643239,301.523192,295.058762,286.439523,278.983996
55,329.382857,319.254856,310.650496,302.600597,297.393139,287.516928,279.466282
56,323.836571,314.914284,308.442513,297.804048,293.442655,284.46428,277.537139
57,329.624,318.77257000000003,310.048319,300.814935,294.160925,286.439523,277.537139
58,324.559999,315.878856,307.438884,297.603323,292.544817,286.439523,278.742853
59,333.96457200000003,320.219428,311.854851,301.41711200000003,295.23833,286.61909,278.260567
60,335.893715,323.595428,314.062834,303.825821,297.393139,286.080388,276.81371
61,337.581715,326.489142,314.665011,304.227272,297.213572,287.157793,278.019424
62,338.78742900000003,328.900571,317.675897,305.632353,298.470544,289.851305,277.537139
63,335.411429,324.559999,315.267188,304.82945,296.67487,286.978225,276.81371
64,336.134857,326.489142,316.070091,303.825821,296.315735,287.876063,278.742853
65,330.106285,318.77257000000003,311.654125,303.62509500000004,297.213572,289.133035,278.983996
66,335.170286,318.531427,310.449771,303.62509500000004,296.67487,290.390007,278.260567
67,322.148571,313.467427,307.238159,300.212757,293.08352,286.61909,277.295996
68,324.318856,315.637713,306.836707,298.2055,292.903952,285.90082,276.81371
69,334.688,315.878856,309.446142,300.614209,294.340492,286.978225,278.742853
70,332.517714,319.978285,310.449771,300.614209,294.340492,287.157793,279.707425
71,340.957715,325.765714,314.865737,302.420741,295.777032,287.876063,278.019424
72,337.581715,326.006857,314.26356,301.818563,294.699627,287.516928,279.466282
73,342.645715,329.624,317.07372000000004,304.227272,297.213572,289.133035,279.707425
74,338.064,328.900571,316.672269,304.427998,297.213572,288.594333,280.430853
75,338.30514300000004,327.936,318.880252,303.223644,296.136167,287.696495,279.466282
76,336.134857,327.212571,316.672269,306.03380400000003,297.393139,287.876063,278.260567
77,333.96457200000003,323.836571,313.460657,303.825821,295.777032,287.696495,278.019424
78,338.064,328.659428,315.267188,304.82945,296.854437,287.876063,276.81371
79,334.688,325.765714,314.26356,303.223644,295.23833,287.157793,280.18971
80,341.681144,329.624,316.471543,303.022918,295.23833,288.594333,278.742853
81,336.617143,327.212571,315.869366,303.62509500000004,294.699627,287.696495,276.572567
82,342.645715,329.382857,318.4788,304.427998,295.597465,287.157793,277.295996
83,338.30514300000004,327.936,317.07372000000004,304.227272,295.23833,286.978225,276.090281
84,339.028572,329.624,318.4788,303.62509500000004,296.315735,287.696495,278.983996
85,337.340572,328.659428,317.274446,303.62509500000004,294.160925,287.696495,278.742853
86,335.411429,326.489142,316.672269,303.223644,295.597465,287.876063,278.019424
87,338.064,327.936,318.278075,305.030175,296.67487,287.516928,278.742853
88,330.829714,321.425142,315.467914,304.427998,296.315735,286.439523,277.295996
89,335.411429,324.318856,315.869366,303.825821,296.854437,288.235198,278.019424
90,330.829714,321.425142,313.661382,302.420741,295.597465,287.696495,278.983996
91,336.858286,326.842207,315.869366,303.223644,295.777032,287.696495,278.019424
92,331.794286,323.836571,314.26356,303.022918,296.136167,287.516928,278.742853
93,334.688,324.68739700000003,316.672269,304.227272,296.854437,286.61909,279.466282
94,332.517714,323.07129,314.865737,303.223644,295.777032,288.235198,278.260567
95,330.829714,322.148571,313.661382,302.621466,295.777032,286.439523,278.742853
96,336.134857,325.042285,314.26356,302.420741,295.777032,288.7739,277.537139
97,334.688,323.595428,312.256302,300.614209,294.340492,288.7739,278.742853
98,339.510858,326.123937,315.267188,302.420741,295.058762,287.876063,279.707425
99,333.96457200000003,324.68739700000003,314.865737,302.019289,294.699627,287.157793,278.019424
100,340.475429,331.070857,318.4788,305.030175,296.854437,287.696495,278.260567
101,336.134857,327.453714,316.672269,304.227272,296.854437,290.21044,278.983996
102,337.340572,328.09918,317.274446,304.82945,297.393139,288.594333,277.537139
103,334.688,325.042285,314.26356,303.022918,295.777032,288.594333,278.019424
104,333.96457200000003,323.595428,313.661382,302.621466,295.23833,287.157793,278.742853
105,337.340572,323.595428,313.460657,304.427998,297.393139,288.7739,278.260567
106,330.347428,319.254856,310.650496,302.019289,296.67487,288.594333,279.707425
107,333.723429,322.389713,313.460657,302.621466,295.058762,286.978225,278.983996
108,330.347428,320.219428,311.252674,304.227272,296.854437,288.235198,278.019424
109,333.241143,323.595428,312.858479,303.223644,296.67487,288.235198,277.537139
110,330.347428,320.219428,312.055576,303.022918,296.136167,286.61909,277.537139
111,335.411429,320.701713,310.851222,303.022918,296.854437,287.696495,278.742853
112,337.581715,324.318856,315.066463,302.420741,295.23833,286.61909,276.81371
113,339.75200099999995,327.936,316.270817,302.621466,295.597465,286.978225,276.81371
114,339.510858,327.936,318.67952599999995,309.04469,300.445787,288.235198,277.295996
115,333.241143,321.425142,314.062834,306.03380400000003,298.470544,288.235198,276.572567
116,336.858286,322.389713,313.86210800000003,305.431627,297.393139,289.133035,277.537139
117,327.936,314.190856,307.840336,301.41711200000003,295.23833,286.439523,276.572567
118,326.73028500000004,313.70857,306.03380400000003,297.603323,290.749142,283.925578,276.81371
119,325.042285,312.985141,303.825821,295.194614,288.7739,282.668606,276.090281
120,333.0,322.532588,307.238159,293.990259,289.851305,283.925578,278.019424
121,335.893715,323.430425,310.860701,299.907084,289.133035,283.207308,276.090281
122,327.936,316.602284,307.840336,292.785905,288.05563,282.668606,278.260567
123,333.723429,320.701713,309.847593,297.201871,292.006115,282.848173,276.81371
124,323.113142,314.190856,306.23453,295.79679100000004,291.287845,283.207308,276.090281
125,325.283428,314.914284,307.840336,297.001146,290.390007,284.284713,277.295996
126,319.49599900000004,309.367998,302.621466,294.592437,289.133035,282.668606,275.84913900000004
127,319.254856,309.367998,301.41711200000003,293.990259,289.312603,282.129903,276.572567
128,320.701713,310.573713,301.818563,294.592437,289.851305,282.309471,277.537139
129,319.978285,309.126855,302.621466,292.986631,288.594333,282.309471,275.84913900000004
130,326.73028500000004,313.467427,304.427998,294.190985,288.7739,282.129903,276.572567
131,325.042285,313.467427,305.030175,295.39534,289.312603,282.848173,275.84913900000004
132,328.900571,317.325713,308.041062,297.603323,291.287845,281.591201,275.366853
133,323.836571,312.743998,306.635981,296.599694,291.287845,283.925578,276.572567
134,325.042285,314.190856,306.635981,298.807677,291.826547,285.54168500000003,278.019424
135,320.942856,310.091427,303.022918,296.398968,290.749142,283.74601,277.295996
136,316.602284,307.089784,302.019289,295.39534,290.390007,283.386875,276.81371
137,321.666285,310.573713,302.420741,295.997517,290.390007,284.284713,277.295996
138,320.219428,308.167189,300.814935,294.793162,290.390007,283.74601,278.260567
139,331.070857,314.431999,305.030175,297.001146,290.92871,283.74601,278.260567
140,325.283428,312.261713,304.227272,294.592437,289.312603,282.848173,278.260567
141,332.276571,320.701713,308.643239,295.997517,289.133035,282.129903,278.019424
142,326.489142,319.49599900000004,310.249045,297.201871,290.749142,285.00298300000003,278.742853
143,330.106285,319.978285,310.851222,298.807677,291.467412,284.284713,276.572567
144,326.73028500000004,314.914284,307.840336,300.012032,292.544817,284.284713,277.295996
145,321.666285,310.814855,304.427998,295.997517,290.390007,283.207308,276.090281
146,321.425142,311.538284,303.62509500000004,294.793162,289.312603,284.284713,276.81371
147,315.878856,309.367998,302.420741,296.398968,291.287845,284.284713,277.295996
148,327.212571,313.467427,303.825821,296.398968,290.92871,282.848173,276.572567
149,324.318856,312.743998,304.227272,293.990259,289.671738,282.668606,276.81371
150,328.177142,317.08457000000004,306.23453,295.39534,290.749142,282.668606,276.81371
151,328.659428,317.325713,308.041062,295.997517,290.749142,283.386875,276.090281
152,326.489142,313.467427,306.03380400000003,297.001146,291.287845,283.74601,277.295996
153,330.106285,318.77257000000003,308.442513,298.2055,291.826547,284.284713,276.572567
154,320.701713,310.091427,302.621466,295.39534,290.749142,283.74601,278.260567
155,322.871999,310.573713,304.227272,295.79679100000004,290.92871,283.925578,278.019424
156,312.02057,304.786284,296.398968,290.377196,286.61909,281.591201,275.84913900000004
157,316.602284,308.403427,300.212757,291.18009900000004,287.157793,281.591201,278.019424
158,316.602284,310.573713,303.223644,292.183728,288.7739,283.386875,276.81371
159,323.595428,313.467427,305.632353,297.804048,292.006115,283.74601,278.019424
160,332.276571,322.871999,312.256302,300.814935,294.160925,284.284713,276.81371
161,330.347428,318.531427,310.249045,302.019289,294.699627,284.823415,276.81371
162,333.96457200000003,323.836571,315.066463,303.223644,295.058762,285.362118,277.537139
163,326.489142,318.531427,309.64686800000004,301.41711200000003,294.52006,286.080388,278.742853
164,327.936,317.807999,309.24541600000003,301.41711200000003,293.622222,285.00298300000003,278.019424
165,319.254856,309.850284,302.019289,294.793162,290.390007,282.848173,276.81371
166,320.219428,308.403427,301.818563,293.990259,290.21044,282.668606,277.537139
167,319.978285,307.679998,300.212757,293.388082,288.7739,283.386875,278.983996
168,317.325713,307.679998,301.216386,294.592437,289.671738,283.74601,276.572567
169,325.042285,312.985141,304.227272,296.599694,289.133035,281.77076800000003,275.366853
170,320.701713,311.051948,303.825821,295.79679100000004,290.390007,283.74601,279.707425
171,329.624,312.985141,307.238159,298.807677,292.544817,285.00298300000003,278.019424
172,326.73028500000004,314.914284,309.24541600000003,299.008403,292.006115,284.46428,278.260567
173,327.453714,315.637713,309.24541600000003,301.216386,292.903952,284.46428,277.537139
174,327.453714,315.878856,309.847593,301.216386,293.442655,286.080388,278.983996
175,322.389713,313.467427,307.238159,299.61058,293.981357,286.439523,279.466282
176,323.836571,314.431999,307.840336,300.012032,293.442655,284.46428,277.537139
177,320.701713,308.403427,303.223644,296.398968,291.826547,285.90082,278.019424
178,327.212571,310.091427,304.427998,297.201871,291.467412,283.925578,277.295996
179,323.595428,311.297141,304.227272,297.201871,291.467412,284.46428,278.019424
180,329.624,318.329285,306.635981,298.406226,292.544817,284.46428,277.295996
181,333.96457200000003,318.52970600000003,306.23453,298.807677,292.903952,285.54168500000003,277.537139
182,330.347428,315.878856,307.438884,298.406226,292.544817,284.46428,278.260567
183,332.276571,320.133073,309.24541600000003,299.409854,292.36525,284.823415,278.742853
184,328.177142,318.52970600000003,309.847593,298.807677,292.544817,284.46428,277.443416
185,334.688,318.77257000000003,311.654125,301.293506,294.340492,285.54168500000003,278.260567
186,329.624,315.155427,309.04469,301.493927,293.981357,283.925578,277.537139
187,330.829714,318.531427,311.45339900000005,301.894769,293.981357,285.00298300000003,277.537139
188,329.382857,319.254856,312.055576,302.496032,294.340492,284.284713,276.572567
189,331.55314300000003,320.942856,312.858479,303.29771600000004,294.699627,284.46428,276.572567
190,335.893715,319.254856,312.657754,304.500241,296.854437,288.235198,280.18971
191,332.517714,318.531427,313.460657,303.898978,296.67487,287.516928,277.537139
192,333.0,323.74065,313.460657,305.502346,296.67487,287.516928,279.707425
193,328.900571,318.941238,312.657754,307.105713,297.931842,287.696495,277.537139
194,333.96457200000003,321.63475,311.654125,306.304029,297.931842,288.235198,279.707425
195,327.212571,316.786428,309.24541600000003,305.702767,296.854437,287.157793,277.537139
196,329.382857,319.300373,309.24541600000003,305.101504,297.752274,286.978225,278.019424
197,328.900571,318.402535,308.643239,303.898978,296.67487,286.439523,277.295996
198,332.517714,317.325713,310.449771,303.898978,296.136167,286.61909,278.742853
199,337.340572,322.148571,312.657754,303.498136,294.52006,287.696495,277.537139
200,334.446857,325.94437,313.460657,303.898978,295.777032,286.439523,278.260567
201,344.092572,326.006857,316.270817,306.50445,299.727517,286.978225,278.019424
202,335.893715,325.042285,317.47517200000004,306.905292,299.368382,286.439523,276.81371
203,343.851429,326.489142,319.281703,309.911606,303.139299,287.696495,277.295996
204,336.617143,320.701713,314.665011,306.50445,298.290977,287.696495,276.572567
205,336.134857,325.405667,318.67952599999995,309.310343,298.829679,286.080388,275.366853
206,335.170286,324.866965,316.872994,306.905292,298.111409,286.61909,275.366853
207,330.829714,321.99388500000003,313.259931,304.099399,297.213572,286.439523,278.260567
208,333.96457200000003,320.219428,313.86210800000003,306.304029,298.65011200000004,287.696495,278.983996
209,325.765714,316.602284,312.256302,303.29771600000004,297.572707,287.696495,278.019424
210,333.96457200000003,321.425142,313.86210800000003,307.506555,299.727517,287.516928,278.260567
211,325.042285,316.602284,312.858479,302.896874,297.213572,287.516928,279.466282
212,332.517714,319.254856,311.654125,300.291402,293.981357,285.00298300000003,277.537139
213,331.070857,323.113142,314.062834,302.896874,294.87919500000004,286.61909,278.019424
214,336.134857,326.489142,316.872994,306.304029,296.136167,287.157793,278.260567
215,338.78742900000003,326.489142,318.880252,305.903188,297.752274,287.696495,276.572567
216,338.30514300000004,327.936,318.278075,305.903188,297.752274,287.157793,278.983996
217,340.234286,328.177142,318.880252,306.905292,297.752274,286.978225,276.572567
218,335.893715,324.559999,316.471543,305.903188,297.752274,286.978225,277.537139
219,336.617143,326.489142,317.675897,306.905292,299.368382,288.594333,278.260567
220,333.241143,322.389713,315.267188,305.702767,299.18881400000004,287.696495,277.295996
221,336.134857,325.042285,315.66864,306.905292,298.111409,289.312603,278.742853
222,330.829714,321.425142,312.858479,302.09519,296.67487,286.61909,277.537139
223,332.517714,322.871999,314.062834,303.29771600000004,297.034004,287.696495,275.84913900000004
224,330.106285,319.49599900000004,313.460657,303.29771600000004,296.67487,285.90082,275.366853
225,331.55314300000003,320.219428,312.657754,302.696453,295.058762,286.439523,278.019424
226,336.858286,322.389713,314.665011,305.301925,297.034004,287.696495,277.295996
227,335.411429,323.836571,315.066463,304.099399,297.213572,287.696495,277.295996
228,343.369144,330.829714,321.288961,309.510764,299.727517,289.133035,276.81371
229,339.75200099999995,330.106285,319.482429,308.909501,300.80492200000003,289.133035,276.81371
230,345.298287,332.276571,322.493315,311.915815,301.882327,290.21044,278.742853
231,339.75200099999995,328.900571,320.084606,310.71329,301.882327,289.133035,278.019424
232,340.234286,327.453714,319.482429,308.308239,300.445787,288.594333,278.260567
233,339.75200099999995,326.73028500000004,319.281703,306.304029,297.572707,288.05563,278.019424
234,335.170286,326.006857,317.47517200000004,305.702767,297.034004,287.157793,277.295996
235,334.446857,323.595428,312.858479,301.694348,295.058762,285.54168500000003,276.572567
236,330.829714,318.77257000000003,312.256302,300.892664,293.442655,285.54168500000003,276.572567
237,337.340572,323.595428,315.66864,303.498136,294.340492,284.823415,277.295996
238,334.446857,322.871999,315.066463,303.498136,295.597465,286.61909,279.466282
239,338.064,328.659428,317.675897,305.702767,297.213572,286.080388,276.090281
240,339.75200099999995,329.624,318.880252,306.304029,297.213572,285.90082,275.366853
241,338.78742900000003,328.177142,320.084606,307.506555,298.829679,287.516928,277.537139
242,340.957715,327.453714,320.686784,307.706976,298.65011200000004,289.312603,278.260567
243,341.19885800000003,327.936,319.482429,307.105713,299.368382,286.439523,274.402281
244,342.645715,330.106285,320.686784,309.310343,300.266219,288.05563,275.84913900000004
245,334.446857,325.042285,319.482429,307.105713,299.18881400000004,287.696495,277.295996
246,336.858286,326.73028500000004,319.281703,307.506555,298.65011200000004,288.235198,277.295996
247,330.347428,320.219428,314.464285,303.898978,295.9566,286.439523,277.537139
248,333.0,322.148571,314.062834,303.29771600000004,295.597465,286.978225,276.81371
249,328.900571,318.77257000000003,310.449771,300.892664,294.340492,285.54168500000003,277.537139
250,329.382857,319.49599900000004,312.858479,302.696453,295.597465,286.439523,277.537139
251,333.241143,322.148571,314.062834,303.498136,297.213572,287.696495,277.537139
252,333.0,320.219428,311.654125,299.690139,293.263087,286.080388,275.84913900000004
253,336.617143,322.871999,313.259931,302.295611,294.340492,285.90082,276.81371
254,331.55314300000003,320.942856,310.449771,299.89056,292.903952,283.386875,276.81371
255,335.893715,327.453714,315.066463,305.101504,297.034004,287.516928,278.260567
256,329.624,320.219428,312.657754,304.099399,296.67487,285.90082,277.537139
257,334.688,322.389713,314.665011,306.905292,297.752274,286.080388,276.81371
258,328.900571,319.905686,310.851222,301.493927,294.87919500000004,284.284713,276.572567
259,335.170286,323.462296,313.259931,302.896874,296.136167,285.362118,275.366853
260,332.276571,322.954209,313.460657,304.099399,297.034004,286.978225,276.090281
261,332.517714,321.938034,314.062834,304.500241,297.213572,285.90082,274.64342400000004
262,335.411429,326.002731,316.270817,305.903188,298.111409,287.516928,280.913139
263,333.0,322.530803,315.869366,305.301925,298.65011200000004,288.594333,279.466282
264,335.411429,325.2406,315.267188,305.702767,298.290977,288.7739,278.260567
265,330.347428,319.143556,310.851222,300.892664,294.52006,286.61909,277.295996
266,333.96457200000003,324.817194,316.872994,305.702767,298.111409,286.439523,277.295996
267,330.829714,319.48228,310.851222,302.09519,296.67487,286.439523,276.572567
268,334.446857,322.446121,314.464285,304.099399,298.111409,286.439523,278.019424
269,330.829714,319.736324,311.45339900000005,301.09308500000003,295.058762,286.978225,277.295996
270,336.858286,324.224426,313.460657,302.896874,296.495302,286.439523,277.054853
271,336.134857,324.817194,316.270817,304.099399,297.034004,287.157793,278.260567
272,334.688,325.325281,317.47517200000004,303.898978,297.213572,287.516928,279.225139
273,337.340572,330.829558,321.69041200000004,310.71329,303.678001,289.671738,279.707425
274,338.30514300000004,327.526992,318.880252,309.510764,302.421029,288.7739,278.50171
275,345.298287,333.454674,322.493315,309.510764,302.600597,289.851305,278.983996
276,338.30514300000004,325.32224,318.67952599999995,308.709081,302.061894,289.671738,277.537139
277,340.234286,327.91913,318.67952599999995,307.706976,301.523192,289.671738,277.537139
278,338.78742900000003,325.548057,316.872994,308.107818,299.727517,289.851305,277.537139
279,337.581715,327.015864,317.47517200000004,307.706976,300.266219,288.7739,278.983996
280,339.510858,326.677139,316.872994,306.905292,300.445787,289.671738,277.537139
281,334.688,323.176984,315.267188,304.500241,295.9566,286.439523,276.090281
282,338.30514300000004,327.91913,317.876623,306.905292,299.18881400000004,289.312603,277.054853
283,335.893715,322.838259,313.661382,305.702767,298.65011200000004,288.05563,278.50171
284,341.681144,328.709487,317.274446,305.903188,298.65011200000004,288.7739,278.50171
285,335.893715,326.677139,317.274446,305.903188,298.290977,289.312603,278.50171
286,341.681144,332.322551,319.482429,308.709081,300.266219,287.876063,277.778282
287,341.922286,331.983826,321.288961,308.709081,300.984489,289.133035,278.50171
288,341.681144,329.725661,321.489687,307.706976,299.368382,287.696495,277.778282
289,341.922286,331.64510099999995,322.091864,310.71329,300.266219,288.235198,277.537139
290,334.688,324.306066,314.26356,305.903188,298.290977,288.235198,278.260567
291,334.446857,322.61244300000004,315.869366,305.301925,298.290977,289.133035,278.50171
292,328.900571,319.225196,312.457028,305.702767,297.393139,287.516928,278.260567
293,337.581715,324.983516,316.471543,305.903188,297.213572,287.157793,278.260567
294,334.446857,322.27371800000003,315.267188,305.101504,297.034004,286.978225,276.331424
295,339.75200099999995,327.015864,318.880252,308.107818,299.727517,288.594333,278.260567
296,338.78742900000003,327.91913,320.084606,307.706976,297.752274,288.7739,277.537139
297,343.128001,327.693313,318.278075,309.911606,300.445787,288.235198,276.090281
298,344.574858,330.628927,320.686784,310.112027,301.164057,288.594333,276.81371
299,339.75200099999995,328.257854,319.683155,308.308239,299.368382,287.696495,276.331424
300,344.816001,330.628927,321.891138,310.112027,300.625354,289.133035,278.260567
301,333.723429,323.515708,317.274446,306.304029,298.290977,288.594333,277.054853
302,333.723429,321.48336,315.267188,305.301925,296.67487,286.978225,276.090281
303,325.765714,316.063765,308.442513,299.89056,292.36525,285.00298300000003,276.331424
304,325.765714,315.72504,308.442513,300.491823,292.903952,283.74601,274.64342400000004
305,330.347428,318.773563,312.055576,302.295611,294.87919500000004,284.46428,277.778282
306,331.794286,319.225196,310.851222,302.696453,295.9566,285.54168500000003,277.537139
307,339.75200099999995,323.628617,315.267188,305.702767,297.931842,287.157793,277.054853
308,335.170286,321.934993,312.657754,303.29771600000004,297.213572,287.516928,277.537139
309,338.78742900000003,323.176984,314.464285,304.099399,297.752274,288.05563,277.778282
310,333.0,317.757389,312.055576,302.09519,296.136167,287.157793,276.331424
311,328.659428,316.741215,310.449771,300.892664,294.340492,286.080388,277.778282
312,328.659428,315.160499,309.24541600000003,299.690139,293.80179,286.080388,278.983996
313,326.006857,314.48305,308.442513,299.28929700000003,293.80179,285.90082,277.778282
314,329.624,317.079939,307.840336,299.690139,293.80179,285.362118,277.537139
315,325.765714,313.805601,307.840336,298.487613,292.36525,285.362118,277.778282
316,332.517714,318.547746,309.847593,300.491823,292.903952,284.823415,277.054853
317,328.900571,318.886471,310.851222,298.688034,293.263087,283.925578,276.81371
318,337.340572,324.193158,314.062834,302.896874,295.41789700000004,285.90082,278.50171
319,336.134857,322.499534,314.062834,302.295611,295.41789700000004,286.978225,277.778282
320,336.617143,322.61244300000004,314.464285,301.694348,294.87919500000004,286.439523,277.537139
321,335.893715,321.934993,314.062834,303.29771600000004,295.41789700000004,286.439523,277.054853
322,330.829714,318.096113,310.249045,301.694348,295.058762,285.90082,275.366853
323,333.723429,319.451012,310.851222,301.09308500000003,294.52006,287.516928,277.778282
324,326.006857,314.144325,308.643239,299.690139,292.903952,285.54168500000003,277.054853
325,331.070857,316.741215,309.24541600000003,299.89056,293.442655,285.54168500000003,277.778282
326,328.177142,312.450702,305.431627,297.485509,292.185682,285.90082,276.81371
327,334.688,319.902645,309.847593,300.491823,293.80179,286.61909,279.707425
328,333.96457200000003,319.451012,309.847593,300.491823,295.41789700000004,287.157793,278.983996
329,333.723429,319.225196,310.449771,301.09308500000003,293.981357,286.080388,277.778282
330,334.688,320.467186,310.650496,301.694348,295.41789700000004,286.61909,279.948567
331,328.177142,318.886471,309.847593,302.09519,294.160925,286.080388,278.983996
332,335.893715,320.918819,312.858479,302.09519,295.41789700000004,287.516928,281.154282
333,329.624,315.950857,308.041062,300.892664,293.263087,285.90082,277.778282
334,331.794286,318.886471,309.446142,299.89056,293.981357,286.439523,278.50171
335,331.794286,316.854123,306.23453,298.688034,292.36525,285.54168500000003,279.225139
336,330.829714,318.660654,309.24541600000003,298.688034,293.442655,286.080388,279.948567
337,333.0,316.854123,308.442513,299.690139,293.442655,285.18255,278.983996
338,330.347428,317.64448,307.438884,299.28929700000003,293.263087,285.54168500000003,278.50171
339,334.688,322.838259,313.460657,301.09308500000003,293.263087,284.46428,278.260567
340,330.106285,316.967031,311.252674,300.291402,292.903952,285.00298300000003,278.260567
341,339.028572,326.338414,316.672269,303.898978,295.597465,285.18255,278.50171
342,333.241143,319.451012,311.252674,300.892664,293.981357,285.00298300000003,277.778282
343,335.893715,320.467186,312.858479,300.291402,293.80179,286.61909,279.225139
344,328.659428,316.289582,309.847593,299.690139,293.263087,286.439523,278.260567
345,326.489142,312.450702,305.431627,296.683825,290.03087200000004,284.46428,276.81371
346,322.389713,311.547436,305.431627,296.884246,292.903952,286.080388,279.707425
347,317.325713,305.90202400000004,298.807677,291.873723,288.594333,283.74601,279.948567
348,323.836571,310.98289500000004,303.62509500000004,296.082562,291.826547,284.823415,278.260567
349,321.425142,309.627996,303.022918,295.080458,289.671738,283.925578,278.50171
350,333.0,317.870297,308.442513,299.088876,292.185682,285.362118,280.430853
351,333.723429,321.144636,312.256302,300.892664,295.058762,286.978225,277.778282
352,334.446857,320.918819,312.457028,300.491823,293.80179,285.54168500000003,276.81371
353,337.581715,324.870607,314.865737,302.896874,295.058762,287.157793,281.154282
354,328.900571,317.870297,310.449771,300.892664,293.80179,286.439523,280.671996
355,330.347428,316.515398,309.04469,299.28929700000003,293.263087,286.439523,280.430853
356,320.942856,308.611822,302.621466,296.082562,291.467412,285.18255,280.671996
357,321.666285,308.047281,300.814935,293.877932,288.05563,283.386875,276.81371
358,323.113142,308.38600499999995,302.019289,295.080458,289.671738,283.925578,278.983996
359,323.113142,313.128151,306.23453,296.683825,291.287845,284.284713,277.778282
360,327.453714,316.176673,308.643239,299.690139,293.442655,287.157793,281.395425
361,323.113142,313.805601,305.431627,296.683825,290.92871,286.439523,279.707425
362,329.624,319.451012,312.457028,301.694348,294.699627,284.643848,279.707425
363,326.489142,314.144325,309.04469,299.89056,294.160925,285.54168500000003,279.225139
364,327.453714,316.176673,309.24541600000003,301.09308500000003,293.981357,285.90082,276.81371
365,324.318856,314.257233,308.041062,299.088876,293.80179,285.54168500000003,279.948567
366,316.226892,313.918509,307.238159,298.086772,293.80179,285.18255,279.948567
367,324.559999,315.160499,308.643239,299.89056,292.724385,285.00298300000003,277.537139
368,323.836571,315.386937,308.643239,299.088876,292.903952,286.61909,278.983996
369,333.723429,320.505443,312.457028,302.696453,295.41789700000004,287.157793,278.983996
370,326.489142,317.64510099999995,311.252674,301.694348,294.52006,286.439523,279.948567
371,330.829714,320.806532,312.858479,302.09519,294.699627,286.61909,279.948567
372,328.659428,316.89238,310.048319,300.291402,293.442655,287.696495,278.983996
373,329.624,317.193468,310.449771,300.291402,293.80179,286.439523,278.983996
374,327.453714,315.386937,308.643239,299.088876,292.903952,287.157793,278.260567
375,327.453714,315.838569,310.048319,299.89056,293.442655,287.157793,277.054853
376,332.517714,325.021772,317.675897,305.101504,296.136167,289.133035,277.778282
377,333.241143,322.76360800000003,314.665011,303.898978,295.9566,287.516928,277.778282
378,337.581715,326.67776000000003,318.278075,306.304029,297.393139,290.390007,277.778282
379,334.688,324.419595,317.07372000000004,304.500241,296.495302,289.133035,278.50171
380,331.55314300000003,321.860342,312.858479,304.099399,295.597465,288.7739,278.50171
381,330.347428,321.258165,313.059205,302.896874,294.699627,288.7739,278.50171
382,328.659428,320.05381,311.654125,302.896874,295.597465,287.696495,278.983996
383,334.688,325.021772,312.858479,302.295611,294.52006,286.080388,279.948567
384,332.517714,319.90326600000003,313.059205,303.29771600000004,296.495302,287.516928,278.260567
385,334.688,323.967962,315.467914,306.905292,297.213572,287.157793,278.260567
386,333.0,321.709798,313.059205,302.896874,296.136167,286.978225,277.054853
387,333.0,321.709798,311.854851,302.295611,295.41789700000004,287.876063,278.983996
388,333.241143,321.408709,312.457028,303.498136,296.136167,288.594333,278.260567
389,331.794286,320.505443,310.650496,302.696453,295.597465,286.439523,279.225139
390,337.340572,326.67776000000003,316.672269,306.304029,297.931842,289.851305,277.778282
391,334.446857,321.258165,312.858479,304.500241,297.213572,288.235198,278.983996
392,339.510858,324.871228,317.274446,306.304029,298.290977,290.21044,276.81371
393,338.064,323.666874,314.865737,306.304029,297.752274,290.749142,279.948567
394,336.617143,324.871228,315.467914,305.903188,297.393139,291.467412,278.983996
395,331.070857,321.408709,312.457028,304.099399,295.597465,288.235198,277.778282
396,327.453714,319.150544,308.442513,300.491823,293.981357,287.157793,278.983996
397,335.411429,322.76360800000003,312.256302,301.09308500000003,293.80179,287.157793,278.983996
398,327.453714,319.0,311.654125,299.28929700000003,291.287845,285.00298300000003,277.778282
399,336.134857,323.967962,314.26356,305.301925,296.136167,288.594333,279.707425
400,333.241143,322.76360800000003,315.869366,305.702767,297.393139,289.312603,278.983996
401,339.510858,328.935924,317.876623,307.506555,297.393139,290.749142,278.50171
402,338.064,325.925038,317.274446,306.905292,297.752274,289.671738,279.948567
403,339.510858,328.484292,319.683155,309.510764,300.445787,290.749142,278.260567
404,342.40457200000003,327.73157000000003,320.686784,309.911606,300.984489,292.006115,279.707425
405,338.78742900000003,326.828304,318.880252,307.706976,298.65011200000004,290.21044,279.225139
406,341.681144,329.989735,320.285332,308.909501,300.445787,290.390007,277.778282
407,335.893715,327.73157000000003,319.080978,309.310343,299.727517,290.390007,279.225139
408,340.475429,331.344633,321.489687,309.911606,300.625354,289.851305,278.983996
409,335.893715,324.118507,317.47517200000004,307.105713,297.931842,287.157793,278.50171
410,336.134857,324.57013900000004,315.869366,306.304029,296.67487,287.696495,279.225139
411,335.170286,324.57013900000004,315.267188,304.099399,294.87919500000004,287.516928,278.983996
412,333.723429,324.419595,316.471543,307.706976,298.65011200000004,286.978225,278.50171
413,335.411429,328.484292,319.281703,308.909501,300.984489,289.133035,280.430853
414,333.0,327.129393,320.486058,308.709081,300.80492200000003,289.133035,278.260567
415,344.092572,335.258785,324.701299,313.519183,301.882327,289.671738,278.50171
416,344.816001,333.903887,324.099121,313.719604,302.959732,290.749142,278.50171
417,349.156573,338.119127,325.905653,315.523392,305.294109,292.903952,279.225139
418,350.36228700000004,339.474026,326.106379,315.924234,305.11454100000003,291.826547,278.260567
419,351.809144,341.581646,327.91291,316.124655,307.448919,292.903952,278.983996
420,356.873145,345.345254,330.92379700000004,319.732231,307.808054,292.903952,281.395425
421,354.220573,343.538722,332.52960299999995,318.329285,306.910216,293.981357,280.430853
422,357.596573,346.24852000000004,333.934683,322.137282,309.962864,294.52006,278.50171
423,354.702859,339.925659,330.92379700000004,319.53181,309.424161,293.981357,279.225139
424,358.320002,345.19471,333.332506,320.133073,309.962864,294.160925,277.537139
425,352.77371600000004,343.388178,330.92379700000004,319.732231,307.448919,294.699627,277.054853
426,354.702859,342.033279,331.325248,318.930548,308.346756,294.699627,278.50171
427,354.944002,342.033279,330.120894,319.130969,308.346756,293.981357,278.983996
428,355.426287,343.08709,328.916539,318.52970600000003,307.987621,293.622222,276.331424
429,359.284573,349.18984,333.934683,322.137282,309.424161,295.23833,278.260567
430,356.149716,345.37605,331.927425,320.133073,310.142431,296.136167,275.366853
431,357.837716,348.587662,336.142666,321.936861,310.681133,295.23833,278.983996
432,355.66743,345.576776,332.128151,320.734336,310.681133,296.136167,276.090281
433,360.008002,343.770244,332.52960299999995,319.732231,309.065026,296.315735,277.778282
434,356.149716,343.569519,330.321619,317.126759,307.269351,293.442655,275.366853
435,353.97943,341.963713,327.110007,314.120445,305.653244,291.826547,276.331424
436,351.809144,342.56589,325.905653,313.719604,304.755406,291.467412,277.778282
437,351.809144,338.149924,324.90202400000004,312.517078,304.216704,291.826547,277.054853
438,354.220573,342.56589,325.905653,312.517078,303.678001,290.390007,276.331424
439,351.809144,340.558632,325.303476,309.911606,301.882327,289.671738,277.537139
440,356.149716,344.974599,328.314362,312.517078,302.959732,290.92871,277.537139
441,348.91543,340.558632,327.91291,314.120445,304.037136,289.133035,276.090281
442,347.709715,339.354278,327.310733,315.924234,303.498434,289.312603,275.366853
443,350.36228700000004,338.35064900000003,327.91291,316.124655,304.57583900000003,292.903952,277.054853
444,348.91543,337.146295,325.905653,315.322971,304.216704,291.467412,276.81371
445,351.085716,340.558632,327.310733,313.719604,302.600597,289.312603,276.090281
446,349.156573,339.354278,325.303476,313.719604,301.523192,290.390007,277.054853
447,354.702859,342.365164,325.905653,315.322971,300.80492200000003,291.287845,277.778282
448,349.638858,341.762987,326.106379,314.72170800000004,300.984489,290.390007,276.81371
449,356.390859,346.178953,326.708556,313.719604,302.421029,290.21044,278.260567
450,350.60343,340.759358,324.299847,313.719604,299.907084,288.7739,277.778282
451,350.36228700000004,338.35064900000003,324.099121,312.316657,299.368382,289.133035,277.778282
452,345.298287,333.332506,320.686784,310.112027,298.111409,286.978225,276.331424
453,339.028572,329.117265,316.872994,308.709081,297.572707,287.516928,278.260567
454,343.128001,327.511459,314.665011,305.903188,295.9566,287.516928,277.537139
455,337.581715,325.10275,312.858479,304.500241,294.340492,285.362118,278.983996
456,343.128001,330.92379700000004,313.86210800000003,304.700662,295.058762,285.54168500000003,276.331424
457,339.75200099999995,327.310733,314.062834,304.099399,292.903952,286.080388,275.366853
458,354.944002,334.53686,315.267188,304.500241,292.724385,285.362118,277.778282
459,347.709715,335.339763,321.69041200000004,304.700662,292.36525,283.925578,277.054853
460,351.085716,337.547746,323.69767,312.517078,292.724385,283.925578,277.054853
461,348.192001,336.343392,320.084606,309.911606,294.340492,284.46428,278.260567
462,348.91543,335.94194,321.69041200000004,311.314553,296.67487,286.439523,279.948567
463,344.574858,332.128151,318.077349,309.310343,297.213572,286.61909,279.707425
464,344.092572,331.124522,317.675897,307.105713,297.034004,286.978225,278.50171
465,341.681144,331.7267,316.872994,309.310343,296.67487,286.439523,277.778282
466,338.064,327.91291,314.062834,305.702767,294.87919500000004,285.362118,277.537139
467,340.234286,327.310733,314.464285,306.905292,295.058762,286.61909,275.607996
468,338.064,325.704927,312.858479,304.500241,293.263087,286.080388,276.81371
469,343.851429,331.525974,315.267188,307.706976,294.52006,286.61909,278.50171
470,338.30514300000004,328.715813,315.869366,307.105713,293.80179,286.439523,278.983996
471,344.574858,330.92379700000004,318.880252,309.310343,295.41789700000004,286.978225,278.983996
472,341.922286,329.719442,316.471543,308.107818,295.058762,285.90082,277.054853
473,339.028572,328.715813,317.47517200000004,308.308239,294.340492,286.439523,277.537139
474,338.064,329.719442,314.062834,306.905292,295.058762,287.696495,280.671996
475,335.170286,328.113636,315.066463,303.498136,293.981357,287.157793,279.707425
476,341.922286,331.124522,317.47517200000004,305.301925,294.87919500000004,286.978225,277.778282
477,337.581715,328.515088,315.267188,305.301925,293.442655,285.362118,277.778282
478,342.40457200000003,332.328877,316.270817,305.301925,293.981357,286.61909,279.225139
479,339.028572,328.715813,315.66864,304.099399,293.263087,285.362118,277.054853
480,342.40457200000003,329.920168,316.471543,306.50445,292.903952,284.823415,277.537139
481,338.064,328.715813,315.66864,304.099399,291.826547,284.46428,279.225139
482,342.40457200000003,329.920168,314.665011,303.498136,293.263087,284.823415,276.331424
483,340.234286,328.113636,313.259931,300.892664,291.64698,285.00298300000003,278.260567
484,339.028572,325.704927,312.858479,301.694348,290.749142,283.925578,277.537139
485,338.78742900000003,328.715813,312.256302,300.892664,290.749142,283.207308,275.607996
486,336.858286,323.09549300000003,310.249045,301.694348,291.287845,283.74601,277.537139
487,340.957715,329.317991,310.449771,300.892664,291.64698,284.284713,278.260567
488,339.510858,327.91291,310.851222,298.688034,290.03087200000004,283.925578,277.778282
489,341.19885800000003,331.525974,311.45339900000005,298.688034,289.671738,283.925578,276.090281
490,341.922286,329.117265,312.657754,298.688034,288.95346800000004,282.848173,275.607996
491,345.53943,334.737586,314.665011,300.892664,289.49217000000004,283.386875,277.537139
492,344.574858,332.730328,314.062834,302.696453,289.49217000000004,283.74601,278.50171
493,341.19885800000003,331.525974,313.86210800000003,302.696453,290.03087200000004,282.848173,277.054853
494,342.645715,331.525974,313.86210800000003,301.493927,291.108277,283.925578,278.50171
495,336.858286,328.113636,313.460657,301.493927,291.64698,284.46428,278.983996
496,340.234286,328.515088,313.86210800000003,303.29771600000004,292.724385,286.61909,279.948567
497,332.517714,322.091864,310.449771,301.694348,292.185682,285.362118,277.537139
498,337.340572,323.296218,310.851222,301.694348,293.442655,286.080388,279.707425
499,333.723429,321.891138,309.04469,299.28929700000003,291.64698,284.284713,277.778282
500,333.0,323.09549300000003,309.847593,302.09519,292.185682,283.74601,277.537139
501,336.858286,325.704927,310.249045,300.291402,291.64698,285.00298300000003,280.430853
502,331.794286,323.69767,309.24541600000003,298.688034,290.569575,284.284713,276.81371
503,333.96457200000003,325.905653,308.643239,299.088876,289.133035,282.848173,279.225139
504,333.96457200000003,321.088235,309.04469,300.892664,290.03087200000004,284.46428,281.395425
505,340.234286,327.511459,310.449771,299.28929700000003,290.749142,285.00298300000003,279.707425
506,335.411429,323.898396,310.650496,297.485509,290.21044,284.823415,279.707425
507,338.78742900000003,327.511459,311.654125,301.09308500000003,290.92871,284.46428,278.260567
508,337.340572,327.511459,309.04469,302.696453,291.467412,285.18255,279.948567
509,338.064,324.701299,309.847593,299.690139,292.185682,285.00298300000003,279.707425
510,335.170286,324.701299,308.643239,299.088876,289.671738,284.46428,278.983996
511,330.106285,321.088235,306.23453,296.282983,288.05563,284.284713,279.225139
512,330.106285,322.091864,306.03380400000003,297.485509,288.95346800000004,283.207308,278.260567
513,325.283428,318.077349,304.427998,296.282983,288.235198,283.386875,278.260567
514,330.829714,321.69041200000004,306.23453,296.082562,290.749142,284.284713,279.707425
515,331.070857,319.683155,306.23453,293.677511,289.49217000000004,284.284713,279.225139
516,337.581715,323.898396,307.438884,296.082562,290.749142,284.46428,278.50171
517,335.411429,325.303476,309.24541600000003,298.086772,292.724385,285.54168500000003,278.50171
518,334.688,322.694041,308.643239,297.485509,291.287845,285.54168500000003,280.430853
519,337.581715,324.500573,311.051948,298.487613,293.263087,286.439523,279.948567
520,327.453714,317.876623,307.438884,298.688034,292.903952,286.439523,277.778282
521,332.517714,319.683155,307.238159,298.086772,292.903952,286.439523,280.430853
522,328.659428,317.876623,305.431627,297.485509,292.724385,284.643848,277.778282
523,333.723429,324.099121,305.431627,297.886351,293.263087,286.080388,279.707425
524,334.688,321.489687,308.041062,297.285088,292.903952,286.61909,279.948567
525,338.30514300000004,325.10275,309.847593,299.89056,294.52006,286.61909,281.154282
526,339.75200099999995,325.905653,309.446142,300.491823,294.160925,286.439523,281.395425
527,333.723429,324.500573,308.442513,298.688034,293.80179,285.54168500000003,278.983996
528,335.411429,325.303476,309.04469,299.89056,293.442655,285.18255,278.260567
529,329.382857,320.486058,306.836707,296.884246,292.185682,284.643848,276.331424
530,334.446857,326.307104,306.836707,297.485509,291.826547,285.18255,280.430853
531,330.829714,319.683155,307.438884,297.485509,292.185682,285.54168500000003,278.983996
532,337.581715,323.898396,308.442513,297.886351,293.442655,285.54168500000003,279.707425
533,333.96457200000003,324.099121,307.238159,298.688034,292.185682,284.284713,279.225139
534,334.688,322.694041,306.635981,296.282983,291.826547,285.362118,279.948567
535,336.858286,323.496944,307.840336,298.487613,293.263087,284.823415,278.50171
536,331.55314300000003,322.091864,306.23453,296.683825,291.826547,284.823415,278.50171
537,336.617143,324.500573,308.041062,297.886351,293.263087,283.925578,279.225139
538,332.517714,320.887509,308.442513,298.086772,291.826547,283.95,278.260567
539,338.064,324.328262,309.24541600000003,298.688034,292.36525,284.823415,278.50171
540,328.177142,318.4788,306.23453,298.487613,291.467412,285.00298300000003,278.50171
541,325.765714,318.67952599999995,306.23453,296.884246,291.467412,284.823415,279.225139
542,326.489142,316.872994,304.227272,296.082562,291.467412,284.46428,277.778282
543,326.73028500000004,316.070091,303.825821,294.278774,291.108277,284.823415,279.707425
544,330.106285,316.872994,303.62509500000004,295.4813,290.21044,286.080388,278.50171
545,325.283428,316.672269,303.223644,293.276669,290.03087200000004,284.46428,278.50171
546,331.794286,319.281703,306.635981,293.276669,290.569575,285.00298300000003,280.430853
547,326.73028500000004,318.4788,307.238159,293.877932,289.671738,284.284713,277.778282
548,332.276571,323.496944,309.847593,294.479195,289.133035,284.643848,277.778282
549,326.489142,318.67952599999995,308.442513,296.884246,290.03087200000004,284.46428,280.430853
550,331.55314300000003,317.876623,309.446142,299.690139,294.52006,285.00298300000003,279.225139
551,327.212571,318.077349,308.442513,298.688034,294.52006,287.157793,282.118853
552,330.347428,318.077349,307.238159,301.09308500000003,293.80179,287.157793,282.118853
553,333.241143,320.285332,307.238159,300.892664,295.058762,287.157793,279.225139
554,326.73028500000004,316.872994,304.227272,296.282983,292.185682,285.90082,279.707425
555,328.900571,318.077349,308.442513,298.487613,293.263087,285.18255,278.983996
556,325.042285,317.47517200000004,305.431627,297.285088,291.467412,283.386875,279.948567
557,327.936,318.077349,307.238159,298.086772,292.36525,286.439523,279.707425
558,323.595428,314.865737,305.431627,297.886351,293.263087,285.00298300000003,279.225139
559,325.283428,314.26356,306.03380400000003,298.688034,293.981357,285.54168500000003,280.430853
560,325.765714,317.274446,304.82945,298.688034,293.263087,285.00298300000003,278.983996
561,325.042285,315.066463,304.427998,297.485509,293.80179,285.54168500000003,279.707425
562,328.900571,319.080978,309.24541600000003,301.09308500000003,295.058762,286.439523,279.707425
563,324.318856,314.865737,305.632353,298.487613,293.80179,286.439523,279.948567
564,328.900571,317.876623,306.836707,298.688034,295.058762,285.54168500000003,279.707425
565,325.042285,314.464285,306.23453,298.487613,293.442655,285.90082,279.707425
566,327.212571,315.066463,306.03380400000003,297.285088,292.185682,286.01,279.225139
567,323.113142,314.464285,304.227272,296.082562,292.36525,285.99,279.225139
568,324.559999,313.661382,302.621466,296.683825,291.467412,286.0,281.154282
569,330.106285,316.270817,307.840336,299.28929700000003,293.80179,286.080388,280.671996
570,326.006857,314.464285,306.635981,297.886351,291.826547,285.99,279.225139
571,326.489142,318.077349,306.836707,298.086772,293.263087,286.080388,279.948567
572,322.389713,314.464285,307.438884,299.28929700000003,292.185682,286.01,280.430853
573,325.283428,316.872994,309.04469,297.285088,292.903952,285.00298300000003,280.430853
574,322.389713,314.464285,305.632353,297.886351,291.467412,285.54168500000003,280.430853
575,319.49599900000004,313.059205,305.030175,297.285088,292.185682,285.98,281.395425
576,322.871999,313.661382,305.030175,296.884246,291.826547,286.01,279.948567
577,322.389713,312.055576,305.030175,296.082562,290.92871,286.01,279.948567
578,327.936,317.47517200000004,308.041062,297.485509,291.826547,286.61909,279.225139
579,323.595428,313.661382,305.632353,296.884246,293.442655,285.90082,279.225139
580,330.347428,315.066463,307.238159,298.086772,293.981357,285.94,279.948567
581,327.453714,315.66864,306.635981,299.28929700000003,293.80179,286.61909,278.50171
582,327.453714,317.47517200000004,307.238159,299.690139,293.981357,287.516928,278.983996
583,322.148571,312.457028,305.030175,297.285088,293.80179,287.696495,282.601139
584,318.77257000000003,308.041062,301.41711200000003,295.4813,290.749142,286.61909,281.154282
585,319.49599900000004,310.249045,302.621466,297.285088,291.826547,287.696495,280.430853
586,317.08457000000004,306.435256,299.008403,294.880037,290.92871,285.18255,279.707425
587,319.254856,308.041062,300.814935,295.080458,290.21044,286.439523,281.87771000000004
588,318.531427,306.23453,298.2055,293.877932,290.569575,285.18255,280.430853
589,322.148571,308.241787,300.614209,293.677511,289.49217000000004,284.97,278.50171
590,329.624,313.661382,302.420741,296.082562,289.671738,285.00298300000003,281.395425
591,323.836571,311.854851,301.216386,295.080458,290.21044,284.284713,280.430853
592,330.829714,316.672269,304.427998,298.086772,293.80179,287.696495,279.948567
593,319.49599900000004,311.45339900000005,303.223644,297.485509,292.724385,287.157793,280.430853
594,320.942856,310.249045,303.022918,296.683825,292.903952,288.235198,281.87771000000004
595,318.049142,306.836707,299.409854,295.080458,291.826547,286.978225,279.225139
596,317.08457000000004,306.836707,301.216386,295.080458,291.287845,285.90082,280.671996
597,324.318856,309.446142,302.420741,297.285088,292.185682,286.080388,279.948567
598,320.701713,309.446142,303.223644,297.285088,291.467412,285.98,279.707425
599,327.212571,310.249045,302.621466,296.884246,292.903952,286.02,282.118853
600,325.283428,313.661382,306.23453,297.886351,292.903952,285.18255,281.87771000000004
601,327.212571,314.865737,307.840336,299.088876,293.263087,286.978225,280.671996
602,320.219428,313.059205,306.836707,299.690139,293.981357,287.01,280.430853
603,317.08457000000004,308.041062,301.41711200000003,296.082562,291.826547,286.95,279.707425
604,317.325713,308.643239,301.41711200000003,296.082562,291.467412,285.90082,279.948567
605,313.467427,304.026547,298.2055,293.677511,289.133035,283.74601,278.983996
606,323.595428,311.45339900000005,304.82945,296.884246,292.724385,286.080388,278.50171
607,322.871999,310.650496,304.427998,296.082562,290.749142,285.18255,279.225139
608,327.212571,314.464285,306.635981,299.28929700000003,293.442655,285.0,278.260567
609,327.936,318.077349,309.446142,299.89056,293.80179,285.0,278.260567
610,329.624,315.467914,308.643239,300.892664,293.442655,285.362118,278.260567
611,329.382857,319.080978,310.249045,303.498136,296.136167,285.01,276.331424
612,320.219428,308.241787,301.818563,294.479195,289.671738,282.309471,275.366853
613,325.283428,311.252674,302.420741,294.479195,288.594333,282.848173,276.81371
614,315.878856,305.833078,299.61058,293.276669,288.05563,283.386875,275.366853
615,320.942856,304.026547,295.79679100000004,292.474986,287.516928,282.309471,274.64342400000004
616,319.49599900000004,306.435256,296.599694,291.47288100000003,286.439523,282.309471,278.260567
617,321.425142,308.041062,298.406226,291.873723,286.978225,283.207308,277.778282
618,330.347428,317.675897,306.836707,299.088876,292.185682,283.74601,277.054853
619,326.489142,313.460657,303.022918,296.082562,292.36525,285.90082,276.090281
620,330.106285,317.876623,308.041062,299.89056,292.724385,285.90082,277.778282
621,326.006857,315.267188,306.836707,299.28929700000003,292.185682,284.823415,277.054853
622,328.659428,315.467914,304.227272,296.884246,290.569575,283.207308,276.81371
623,324.559999,313.059205,303.825821,296.683825,289.49217000000004,283.0,278.50171
624,315.637713,307.438884,298.406226,293.076248,288.95346800000004,282.309471,277.537139
625,319.254856,307.63961,300.012032,294.880037,289.671738,281.98,278.260567
626,312.261713,303.825821,296.599694,293.076248,286.798658,281.591201,276.331424
627,317.08457000000004,307.63961,299.61058,294.278774,289.671738,282.668606,277.054853
628,319.49599900000004,308.643239,300.614209,293.877932,288.414765,282.129903,276.331424
629,322.871999,310.650496,303.62509500000004,297.285088,291.287845,283.925578,276.090281
630,329.382857,317.876623,306.23453,298.688034,291.826547,283.925578,273.919996
631,324.318856,313.661382,304.427998,297.485509,291.826547,284.0,276.331424
632,330.829714,317.274446,306.836707,298.688034,291.826547,283.74601,276.81371
633,321.425142,313.661382,303.62509500000004,297.285088,290.749142,284.01,274.64342400000004
634,320.942856,308.843965,302.420741,296.683825,291.64698,284.0,278.50171
635,315.637713,307.037433,300.012032,293.276669,287.516928,281.23206600000003,276.090281
636,309.126855,302.822192,295.997517,291.27246,286.259955,279.61595800000003,274.884567
637,317.325713,304.62872400000003,297.001146,292.474986,287.876063,283.207308,278.50171
638,314.190856,303.825821,297.804048,293.276669,287.876063,282.668606,277.778282
639,324.559999,314.062834,304.427998,295.68172000000004,288.594333,283.01,277.778282
640,317.325713,309.446142,303.022918,296.082562,289.671738,282.98,276.090281
641,321.666285,312.858479,305.030175,297.886351,291.287845,283.01,279.225139
642,319.254856,310.449771,303.223644,296.884246,292.185682,282.99,278.260567
643,319.978285,309.847593,301.818563,295.080458,289.49217000000004,282.99,275.366853
644,319.254856,309.24541600000003,300.012032,293.677511,288.414765,283.02,276.81371
645,314.431999,304.62872400000003,297.804048,291.27246,285.362118,280.693363,276.81371
646,319.254856,312.457028,300.814935,294.479195,287.876063,281.77076800000003,277.054853
647,315.637713,308.643239,301.41711200000003,294.278774,286.798658,281.23206600000003,276.81371
648,322.871999,311.854851,303.223644,295.641611,288.95346800000004,283.386875,279.225139
649,322.389713,314.062834,303.022918,296.854437,290.03087200000004,283.925578,277.537139
650,318.049142,311.654125,304.427998,297.931842,291.287845,283.207308,276.81371
651,325.283428,314.665011,306.635981,299.18881400000004,292.724385,284.46428,277.537139
652,317.08457000000004,307.63961,300.614209,295.23833,289.49217000000004,283.207308,276.331424
653,321.666285,309.847593,301.41711200000003,295.777032,288.95346800000004,282.848173,276.331424
654,314.190856,306.435256,298.2055,291.467412,285.90082,282.93,274.884567
655,320.701713,311.654125,302.621466,294.160925,287.516928,283.04,279.225139
656,319.978285,310.449771,301.818563,294.340492,288.414765,283.01,278.260567
657,320.219428,311.051948,303.022918,295.23833,289.671738,283.01,276.331424
658,326.73028500000004,316.471543,303.825821,296.854437,290.569575,281.77076800000003,277.537139
659,322.148571,314.26356,304.82945,296.315735,290.03087200000004,281.93,277.778282
660,328.900571,316.471543,309.24541600000003,300.80492200000003,292.36525,283.74601,277.054853
661,322.871999,314.26356,303.022918,296.854437,291.108277,283.74601,278.983996
662,324.318856,316.070091,307.840336,300.625354,294.52006,284.4,278.50171
663,320.942856,314.26356,305.632353,297.572707,292.185682,284.62,276.81371
664,325.283428,312.256302,305.632353,297.034004,291.287845,284.284713,276.090281
665,326.006857,312.457028,306.03380400000003,297.931842,291.64698,283.386875,276.331424
666,319.254856,311.051948,301.41711200000003,295.23833,290.569575,282.98,277.054853
667,327.212571,311.854851,305.030175,298.111409,291.287845,284.284713,278.50171
668,321.425142,312.256302,303.62509500000004,295.777032,290.749142,284.02,278.983996
669,327.453714,317.876623,310.249045,301.702759,291.826547,284.46428,278.50171
670,324.559999,315.267188,307.840336,300.086652,294.340492,285.00298300000003,278.260567
671,326.489142,314.665011,306.635981,299.18881400000004,292.903952,284.823415,278.260567
672,325.765714,314.865737,308.643239,300.086652,293.442655,285.0,278.983996
673,320.219428,311.051948,303.223644,295.9566,292.185682,284.46428,276.81371
674,322.389713,311.854851,305.030175,296.315735,290.749142,283.386875,277.537139
675,317.807999,308.643239,301.818563,294.87919500000004,288.95346800000004,283.207308,276.81371
676,320.942856,311.854851,303.62509500000004,297.034004,292.185682,283.74601,277.054853
677,318.531427,311.654125,303.62509500000004,297.572707,292.185682,284.823415,277.054853
678,324.318856,315.869366,308.041062,299.009247,292.724385,284.823415,277.778282
679,331.794286,321.288961,310.851222,302.241462,295.058762,286.61909,280.671996
680,332.276571,322.493315,315.066463,305.47367599999995,297.572707,285.90082,275.366853
681,338.064,324.099121,313.259931,306.730649,299.368382,288.594333,281.395425
682,333.241143,322.694041,313.259931,305.11454100000003,298.829679,288.7739,278.50171
683,336.617143,320.887509,313.059205,303.498434,297.034004,289.0,277.778282
684,326.489142,317.47517200000004,310.449771,301.34362400000003,294.699627,287.516928,279.225139
685,331.55314300000003,319.88388100000003,309.04469,300.266219,293.981357,286.439523,277.778282
686,323.595428,314.865737,307.238159,297.752274,290.92871,284.823415,278.260567
687,324.318856,314.26356,306.836707,298.111409,292.724385,284.95,279.707425
688,328.659428,319.683155,306.836707,299.18881400000004,293.442655,285.01,276.81371
689,328.659428,318.4788,307.438884,298.65011200000004,292.903952,285.0,278.260567
690,334.446857,324.500573,314.26356,303.857569,293.80179,284.99,279.948567
691,327.453714,317.47517200000004,310.449771,302.421029,293.981357,286.080388,279.948567
692,330.829714,319.88388100000003,309.04469,302.780164,296.67487,286.02,276.81371
693,326.006857,318.278075,306.836707,299.547949,293.80179,286.61909,279.707425
694,327.453714,316.672269,308.643239,300.625354,294.52006,286.080388,277.778282
695,327.212571,315.869366,305.632353,300.086652,292.903952,285.362118,275.607996
696,327.212571,315.467914,306.23453,299.547949,293.442655,285.01,276.81371
697,331.070857,318.4788,307.840336,300.266219,293.442655,285.362118,279.948567
698,325.765714,316.471543,306.03380400000003,298.470544,293.442655,287.157793,279.707425
699,334.446857,319.482429,308.041062,300.086652,293.442655,285.90082,278.260567
700,335.411429,319.482429,308.442513,300.80492200000003,294.340492,285.98,277.054853
701,330.347428,319.080978,308.041062,300.086652,294.340492,286.080388,278.50171
702,328.900571,317.876623,308.041062,300.625354,293.981357,286.0,276.81371
703,326.006857,314.26356,304.227272,297.393139,292.36525,286.0,280.430853
704,326.006857,317.274446,308.442513,300.80492200000003,294.87919500000004,286.61909,276.331424
705,321.666285,313.661382,306.23453,299.727517,292.185682,284.823415,277.537139
706,322.389713,315.467914,307.438884,299.727517,293.442655,285.00298300000003,277.537139
707,333.96457200000003,318.880252,311.654125,301.702759,293.80179,285.54168500000003,279.225139
708,330.829714,320.084606,310.449771,302.421029,295.41789700000004,286.0,278.983996
709,343.369144,324.701299,312.858479,303.318867,295.41789700000004,286.0,277.778282
710,339.028572,327.511459,313.259931,303.857569,296.136167,286.0,278.983996
711,348.91543,330.92379700000004,317.07372000000004,307.448919,297.034004,287.516928,279.707425
712,342.40457200000003,328.81745,317.47517200000004,307.448919,299.907084,289.133035,278.260567
713,343.851429,329.719442,317.47517200000004,307.269351,299.727517,288.235198,277.054853
714,341.681144,329.317991,318.278075,308.705891,298.65011200000004,288.7739,279.707425
715,333.96457200000003,324.701299,315.66864,306.730649,298.829679,289.851305,277.537139
716,339.75200099999995,327.91291,316.471543,308.705891,298.829679,290.749142,277.778282
717,333.723429,322.29259,313.86210800000003,306.551081,298.829679,288.05563,278.983996
718,336.858286,324.701299,313.460657,305.47367599999995,298.65011200000004,289.312603,279.707425
719,336.617143,324.299847,312.657754,304.57583900000003,298.290977,288.7739,277.537139
720,343.369144,326.307104,315.066463,305.653244,297.572707,289.671738,277.537139
721,342.40457200000003,329.719442,314.665011,307.089784,298.829679,290.0,279.225139
722,340.475429,329.117265,315.869366,307.808054,300.266219,288.594333,279.948567
723,343.851429,329.920168,319.281703,308.346756,300.445787,290.92871,277.054853
724,335.411429,326.909282,316.872994,308.346756,300.984489,288.7739,277.537139
725,339.75200099999995,329.920168,316.471543,307.808054,300.266219,289.851305,279.225139
726,336.858286,324.90202400000004,314.665011,307.269351,299.368382,289.671738,278.260567
727,340.475429,330.92379700000004,320.084606,309.962864,300.80492200000003,289.851305,279.707425
728,340.957715,331.124522,321.088235,310.860701,300.80492200000003,288.7739,277.778282
729,341.681144,330.52234500000003,318.880252,310.860701,300.80492200000003,288.7739,275.607996
730,344.574858,331.7267,317.675897,309.424161,300.80492200000003,289.0,275.366853
731,336.134857,328.113636,315.066463,306.730649,298.65011200000004,288.05563,276.331424
732,336.134857,328.113636,315.66864,308.167189,299.907084,286.978225,274.884567
733,330.829714,320.887509,311.45339900000005,305.11454100000003,297.213572,287.157793,277.054853
734,333.0,322.694041,310.249045,302.959732,295.597465,287.696495,278.260567
735,331.070857,320.285332,308.041062,301.164057,294.52006,287.516928,276.331424
736,336.617143,323.898396,312.657754,305.653244,297.572707,288.05563,278.983996
737,339.75200099999995,327.511459,313.259931,305.653244,297.572707,287.516928,278.983996
738,341.922286,328.715813,316.471543,306.730649,297.572707,287.99,278.260567
739,349.638858,335.94194,317.675897,307.089784,298.65011200000004,288.05563,279.225139
740,346.745144,335.13903700000003,320.686784,308.346756,298.111409,288.0,278.260567
741,349.638858,337.748472,324.90202400000004,311.938106,298.65011200000004,286.978225,278.50171
742,340.957715,331.525974,320.084606,310.860701,300.445787,286.98,276.090281
743,346.021715,332.128151,320.686784,311.399403,302.600597,288.05563,278.260567
744,339.028572,329.317991,318.880252,309.783296,300.445787,286.978225,277.537139
745,341.922286,329.117265,319.88388100000003,310.501566,302.061894,288.235198,277.054853
746,339.75200099999995,328.113636,316.872994,308.346756,300.984489,288.7739,277.054853
747,340.234286,327.310733,314.464285,306.012379,297.034004,287.516928,276.81371
748,340.475429,327.91291,315.267188,305.47367599999995,297.213572,288.235198,280.430853
749,334.446857,323.69767,313.259931,304.037136,297.213572,288.01,278.260567
750,338.30514300000004,325.704927,313.86210800000003,303.857569,296.67487,286.978225,278.50171
751,333.723429,322.493315,312.256302,303.318867,295.9566,286.99,277.054853
752,341.19885800000003,327.310733,315.66864,305.47367599999995,298.111409,287.157793,277.778282
753,337.340572,326.106379,312.657754,304.037136,295.9566,287.0,276.81371
754,340.234286,327.91291,314.464285,304.396271,296.495302,286.080388,276.331424
755,339.028572,326.708556,313.259931,304.037136,295.41789700000004,285.90082,277.537139
756,340.475429,326.106379,313.460657,303.857569,294.87919500000004,286.0,275.607996
757,336.858286,325.704927,311.654125,303.498434,294.87919500000004,286.0,277.778282
758,328.900571,322.091864,309.64686800000004,302.241462,294.160925,286.0,278.50171
759,330.106285,320.887509,311.654125,302.959732,295.9566,286.0,279.225139
760,326.006857,318.278075,308.041062,301.702759,294.160925,284.46428,275.607996
761,330.347428,320.084606,310.249045,302.780164,294.87919500000004,286.978225,277.537139
762,329.624,317.07372000000004,307.840336,301.164057,292.544817,284.284713,277.537139
763,335.170286,321.288961,310.851222,304.396271,297.213572,287.157793,278.983996
764,339.75200099999995,324.299847,311.051948,302.241462,294.160925,285.362118,277.778282
765,335.893715,324.299847,312.055576,302.959732,294.699627,286.080388,278.50171
766,339.75200099999995,327.511459,313.460657,304.934974,296.315735,286.978225,277.778282
767,333.723429,321.891138,312.657754,304.57583900000003,295.777032,288.594333,277.537139
768,337.340572,324.500573,313.259931,305.653244,297.931842,287.516928,279.225139
769,330.347428,319.482429,312.858479,304.57583900000003,297.393139,289.671738,281.154282
770,332.517714,319.659508,310.449771,303.857569,296.315735,288.7739,279.707425
771,331.55314300000003,318.278075,308.643239,300.80492200000003,294.699627,285.362118,277.537139
772,330.106285,316.672269,308.643239,301.34362400000003,294.699627,285.00298300000003,277.054853
773,331.070857,319.080978,307.438884,301.882327,295.23833,286.978225,279.225139
774,331.55314300000003,317.07372000000004,307.238159,300.625354,294.52006,287.01,279.707425
775,333.96457200000003,320.084606,309.24541600000003,301.702759,295.23833,285.90082,277.537139
776,334.446857,319.080978,308.442513,301.702759,295.597465,286.439523,278.50171
777,339.510858,324.500573,309.24541600000003,302.421029,295.777032,286.978225,278.983996
778,337.581715,324.500573,309.847593,302.959732,297.393139,287.0,278.50171
779,340.475429,326.307104,311.051948,302.959732,296.67487,287.696495,279.948567
780,336.617143,323.898396,311.051948,301.882327,295.23833,287.157793,279.707425
781,334.446857,321.489687,310.449771,301.882327,296.136167,287.0,279.225139
782,330.347428,320.285332,308.442513,300.625354,294.699627,286.978225,280.430853
783,329.624,318.4788,307.840336,299.727517,293.622222,286.978225,281.154282
784,333.0,320.285332,309.24541600000003,301.702759,294.699627,287.157793,278.50171
785,331.55314300000003,318.67952599999995,305.632353,298.111409,291.108277,285.90082,280.430853
786,336.617143,321.69041200000004,309.24541600000003,300.086652,294.340492,287.157793,281.395425
787,333.96457200000003,322.091864,309.847593,300.086652,294.340492,286.439523,277.054853
788,340.957715,325.704927,310.650496,301.34362400000003,295.23833,286.0,277.778282
789,344.574858,327.310733,312.457028,303.857569,296.67487,286.0,279.225139
790,344.574858,329.719442,315.267188,306.012379,298.290977,286.01,279.225139
791,348.433144,334.53686,316.672269,307.808054,299.907084,286.0,279.225139
792,345.53943,329.317991,317.07372000000004,308.346756,300.086652,286.0,280.430853
793,344.816001,332.931054,317.675897,309.244594,302.241462,285.99,278.50171
794,340.234286,328.515088,314.865737,307.448919,299.547949,288.7739,278.983996
795,344.574858,332.931054,317.675897,307.808054,299.547949,288.7739,279.225139
796,339.028572,325.303476,315.267188,304.037136,297.393139,287.876063,277.778282
797,341.922286,326.909282,316.070091,305.47367599999995,297.572707,288.235198,278.983996
798,341.681144,329.719442,316.471543,306.191946,298.290977,287.876063,279.707425
799,343.128001,331.7267,317.07372000000004,306.012379,297.572707,289.671738,278.983996
800,347.709715,334.53686,319.080978,308.346756,300.625354,290.0,278.260567
801,341.19885800000003,331.124522,317.274446,306.730649,298.290977,289.851305,276.331424
802,344.574858,331.525974,319.080978,308.346756,300.086652,290.390007,279.948567
803,340.957715,324.866965,318.4788,310.860701,301.523192,292.006115,279.948567
804,346.745144,327.511459,317.876623,309.065026,300.80492200000003,292.04,280.430853
805,340.234286,329.920168,317.274446,309.244594,299.907084,289.133035,277.778282
806,337.581715,325.10275,316.471543,307.628486,299.547949,290.749142,281.154282
807,338.78742900000003,325.10275,313.059205,305.832811,299.009247,290.21044,279.707425
808,336.134857,322.894767,312.055576,304.755406,297.931842,289.312603,278.50171
809,335.170286,323.898396,309.847593,303.318867,296.315735,287.516928,278.50171
810,329.382857,319.080978,309.24541600000003,301.164057,294.699627,286.61909,277.537139
811,333.723429,318.67952599999995,313.460657,304.037136,295.777032,288.7739,282.118853
812,331.794286,315.066463,308.041062,300.625354,293.622222,289.02,281.395425
813,335.893715,319.88388100000003,308.041062,299.009247,293.442655,286.080388,278.260567
814,335.893715,320.887509,307.238159,299.368382,292.544817,285.90082,279.707425
815,340.234286,322.29259,306.836707,300.086652,292.544817,285.90082,279.225139
816,338.30514300000004,323.296218,306.03380400000003,298.470544,292.006115,286.080388,278.983996
817,333.0,319.683155,307.238159,297.931842,291.108277,284.643848,279.707425
818,337.340572,323.296218,307.840336,299.547949,293.622222,286.61909,280.671996
819,327.453714,313.661382,304.227272,295.058762,291.108277,285.362118,278.983996
820,330.106285,313.661382,305.030175,296.67487,291.826547,285.0,278.50171
821,325.042285,309.24541600000003,302.420741,296.67487,290.92871,284.46428,278.50171
822,331.070857,313.661382,302.621466,296.315735,290.92871,285.90082,279.707425
823,327.212571,312.657754,303.223644,297.572707,291.826547,285.90082,279.707425
824,328.900571,315.066463,305.030175,298.470544,292.006115,286.0,279.948567
825,331.070857,319.281703,307.438884,299.368382,293.442655,286.61909,281.154282
826,326.006857,316.672269,307.840336,301.164057,294.160925,285.90082,278.260567
827,335.170286,319.281703,308.442513,301.523192,294.160925,285.98,278.983996
828,329.624,319.080978,309.04469,301.702759,295.23833,286.978225,279.225139
829,333.241143,320.887509,311.654125,304.396271,297.213572,289.671738,281.154282
830,323.113142,312.657754,306.635981,301.702759,297.213572,289.851305,282.601139
831,324.318856,313.059205,307.840336,300.625354,293.08352,286.080388,279.707425
832,323.595428,307.037433,303.022918,296.67487,292.006115,285.92,279.707425
833,320.701713,308.843965,303.223644,297.572707,292.903952,285.95,278.260567
834,323.595428,314.26356,308.041062,298.470544,294.160925,288.235198,279.707425
835,328.900571,318.4788,311.051948,302.600597,295.777032,287.876063,279.707425
836,331.55314300000003,321.489687,312.457028,304.037136,296.854437,288.7739,280.430853
837,333.0,319.080978,311.654125,305.832811,296.854437,288.99,278.742853
838,332.517714,323.296218,313.059205,305.832811,296.67487,289.01,278.260567
839,328.177142,316.872994,309.24541600000003,302.780164,294.340492,287.157793,278.019424
840,329.624,315.66864,306.836707,300.445787,293.08352,286.439523,279.707425
841,325.765714,312.055576,303.62509500000004,297.213572,291.108277,285.99,278.742853
842,323.836571,308.643239,300.212757,293.442655,287.157793,282.848173,277.537139
843,326.489142,312.457028,302.420741,295.777032,288.7739,283.74601,278.019424
844,323.836571,309.64686800000004,301.216386,295.058762,288.7739,283.74601,277.537139
845,332.517714,317.47517200000004,308.041062,299.907084,292.544817,285.00298300000003,277.537139
846,325.283428,315.66864,307.840336,299.368382,293.442655,285.04,278.983996
847,331.55314300000003,318.67952599999995,306.03380400000003,299.368382,293.442655,286.080388,278.019424
848,331.070857,316.270817,306.635981,300.086652,294.160925,285.54168500000003,277.295996
849,330.347428,317.274446,305.030175,297.931842,292.544817,284.46428,277.295996
850,331.070857,318.4788,306.635981,297.572707,290.92871,284.46428,278.019424
851,331.070857,314.26356,305.431627,297.931842,291.826547,284.643848,277.295996
852,328.177142,317.274446,304.82945,297.931842,291.467412,284.643848,278.260567
853,326.489142,315.066463,304.427998,298.290977,291.826547,285.90082,277.295996
854,329.382857,315.066463,303.223644,297.213572,291.467412,286.03,276.81371
855,321.666285,308.643239,298.807677,294.699627,290.749142,285.00298300000003,278.019424
856,323.113142,309.446142,300.212757,293.08352,289.133035,284.643848,279.466282
857,320.942856,307.438884,300.814935,295.597465,290.92871,284.643848,279.466282
858,321.666285,307.63961,299.008403,294.699627,291.108277,284.96,281.154282
859,328.177142,311.252674,300.212757,295.777032,292.36525,286.080388,280.913139
860,327.453714,312.457028,301.818563,296.315735,292.544817,285.90082,279.466282
861,335.893715,319.281703,307.438884,300.086652,293.981357,286.61909,281.87771000000004
862,334.688,318.077349,308.442513,302.061894,294.699627,287.0,279.466282
863,333.723429,319.080978,308.041062,302.780164,296.315735,287.876063,279.707425
864,335.170286,317.47517200000004,306.836707,299.547949,294.699627,286.61909,277.537139
865,332.276571,317.274446,308.442513,301.702759,295.23833,286.99,281.87771000000004
866,335.893715,322.091864,311.252674,303.318867,295.777032,287.0,279.707425
867,330.347428,318.077349,309.04469,303.139299,295.777032,286.61909,279.466282
868,332.517714,319.683155,309.847593,302.600597,296.136167,287.876063,278.260567
869,326.73028500000004,313.059205,305.030175,299.907084,295.777032,288.0,280.18971
870,327.212571,312.657754,304.427998,298.829679,293.442655,285.18255,279.466282
871,331.070857,314.464285,305.431627,297.931842,292.903952,286.61909,280.18971
872,328.900571,314.464285,307.238159,301.523192,293.08352,287.01,280.18971
873,341.19885800000003,322.894767,312.858479,304.755406,296.136167,287.02,278.742853
874,336.617143,319.683155,311.654125,303.857569,296.136167,286.99,278.019424
875,344.816001,323.296218,313.460657,307.089784,298.470544,286.99,277.295996
876,340.475429,327.511459,316.672269,308.52632400000005,299.907084,288.594333,278.983996
877,339.028572,324.099121,316.070091,307.628486,299.907084,289.01,279.466282
878,338.064,324.500573,313.661382,305.832811,298.470544,287.157793,277.295996
879,330.829714,318.077349,309.847593,303.857569,295.23833,287.157793,278.260567
880,333.0,318.4788,311.051948,303.318867,296.67487,287.0,278.019424
881,326.006857,310.851222,304.427998,298.290977,292.903952,285.54168500000003,278.019424
882,333.0,318.077349,308.041062,301.164057,295.23833,287.516928,278.260567
883,332.517714,320.285332,311.854851,303.678001,296.136167,288.02,277.295996
884,333.96457200000003,321.088235,313.059205,305.294109,298.290977,288.02,278.260567
885,337.581715,324.701299,314.865737,307.089784,299.907084,288.235198,278.260567
886,331.794286,316.270817,309.04469,301.523192,295.23833,287.157793,278.260567
887,333.96457200000003,319.080978,308.643239,302.600597,296.136167,287.0,277.295996
888,326.489142,312.457028,306.23453,300.80492200000003,295.23833,287.0,276.572567
889,326.006857,316.872994,306.836707,300.445787,294.340492,287.0,277.537139
890,323.113142,311.854851,304.227272,297.931842,292.544817,286.98,276.81371
891,330.106285,317.47517200000004,307.840336,300.086652,292.903952,287.0,278.019424
892,333.241143,321.489687,311.854851,303.318867,296.315735,286.61909,277.295996
893,332.276571,316.270817,309.04469,301.702759,295.23833,286.080388,276.81371
894,333.241143,319.281703,308.041062,301.523192,294.699627,286.439523,277.537139
895,326.489142,313.661382,304.427998,297.931842,291.467412,283.386875,276.572567
896,331.55314300000003,318.077349,306.635981,300.445787,292.006115,285.00298300000003,276.572567
897,326.006857,313.059205,304.227272,297.572707,292.006115,283.925578,276.81371
898,325.283428,313.059205,302.420741,295.777032,290.749142,283.94,275.84913900000004
899,323.836571,312.457028,303.62509500000004,296.67487,291.108277,283.74601,275.366853
900,325.283428,310.650496,301.41711200000003,295.597465,289.671738,283.98,276.090281
901,330.106285,316.270817,306.23453,299.907084,293.442655,285.00298300000003,278.260567
902,327.936,316.070091,305.030175,297.931842,292.544817,285.00298300000003,276.81371
903,336.134857,322.29259,311.051948,302.061894,295.058762,286.61909,278.019424
904,333.241143,321.69041200000004,312.657754,304.934974,296.67487,287.157793,276.81371
905,334.446857,320.285332,311.45339900000005,304.396271,297.572707,287.01,276.81371
906,329.382857,314.665011,307.438884,300.80492200000003,295.597465,287.157793,278.260567
907,323.836571,310.449771,302.420741,296.854437,292.006115,284.284713,276.572567
908,326.73028500000004,312.858479,307.238159,301.523192,294.699627,285.90082,277.537139
909,316.361142,305.030175,298.2055,293.981357,288.7739,283.207308,276.090281
910,322.389713,313.059205,306.635981,298.470544,291.467412,284.46428,276.81371
911,320.701713,307.037433,299.409854,295.058762,289.851305,283.74601,276.572567
912,326.73028500000004,315.869366,310.851222,304.755406,297.393139,287.696495,277.537139
913,326.489142,314.865737,306.836707,299.368382,292.903952,284.284713,275.84913900000004
914,326.006857,315.869366,306.23453,300.445787,293.442655,285.90082,277.295996
915,331.55314300000003,319.683155,310.449771,301.523192,294.52006,285.362118,278.742853
916,328.177142,315.267188,308.442513,301.523192,294.52006,284.99,276.81371
917,328.177142,317.274446,309.04469,301.702759,295.23833,285.01,278.260567
918,323.113142,312.256302,303.223644,296.67487,291.287845,284.99,277.537139
919,323.595428,312.256302,303.62509500000004,296.315735,290.749142,283.925578,276.090281
920,329.382857,314.865737,305.431627,297.393139,290.390007,283.386875,277.537139
921,326.006857,317.274446,309.04469,298.470544,291.287845,283.386875,276.81371
922,332.517714,319.080978,313.259931,304.755406,295.058762,286.439523,276.090281
923,324.559999,316.070091,308.442513,300.625354,293.442655,286.0,276.572567
924,331.070857,316.070091,308.442513,300.086652,293.08352,286.02,275.12571
925,322.389713,310.048319,303.223644,295.597465,288.7739,282.309471,276.090281
926,325.042285,311.854851,303.022918,295.23833,289.133035,281.94,276.572567
927,317.807999,308.041062,302.019289,294.699627,289.133035,281.88,276.81371
928,318.531427,311.051948,302.420741,294.699627,289.133035,282.309471,276.090281
929,326.006857,313.460657,305.431627,297.752274,290.92871,282.129903,276.090281
930,325.042285,314.062834,305.632353,298.290977,291.826547,283.925578,276.572567
931,330.829714,317.876623,309.04469,300.086652,292.544817,283.386875,275.366853
932,325.283428,312.858479,303.825821,297.752274,291.826547,284.46428,276.81371
933,328.659428,313.661382,304.427998,296.136167,291.287845,284.05,276.81371
934,321.666285,312.858479,301.41711200000003,293.981357,288.594333,282.848173,275.12571
935,324.318856,311.854851,304.227272,294.699627,288.05563,282.129903,274.64342400000004
936,324.318856,311.051948,304.227272,295.777032,289.133035,282.668606,277.537139
937,321.666285,309.847593,302.420741,294.52006,288.235198,283.925578,277.295996
938,323.595428,313.059205,304.227272,296.67487,288.05563,281.052498,275.84913900000004
939,319.49599900000004,308.241787,300.012032,292.36525,285.54168500000003,279.61595800000003,275.366853
940,322.871999,313.460657,305.030175,296.315735,286.978225,281.591201,276.090281
941,319.254856,310.048319,302.420741,294.699627,287.516928,281.052498,275.84913900000004
942,324.559999,310.650496,304.427998,295.23833,289.133035,281.02,274.64342400000004
943,325.042285,312.457028,304.427998,296.854437,291.287845,283.386875,275.12571
944,320.701713,311.051948,303.223644,296.67487,289.671738,282.848173,273.196567
945,325.765714,315.869366,307.438884,299.547949,290.92871,282.99,273.678853
946,319.49599900000004,310.449771,303.825821,296.67487,289.851305,283.386875,275.84913900000004
947,321.666285,311.252674,305.431627,298.470544,290.749142,282.848173,275.12571
948,317.325713,307.63961,299.61058,293.622222,287.516928,281.052498,274.64342400000004
949,321.425142,306.836707,301.41711200000003,295.058762,289.133035,282.309471,275.84913900000004
950,320.942856,306.23453,300.012032,292.903952,287.516928,282.848173,275.84913900000004
951,321.666285,308.843965,298.2055,293.08352,288.05563,283.01,273.919996
952,322.871999,314.26356,303.223644,292.544817,286.978225,282.129903,276.090281
953,320.701713,309.847593,300.614209,294.52006,288.7739,283.74601,278.742853
954,323.113142,311.252674,303.223644,295.597465,289.671738,282.848173,276.090281
955,315.637713,305.030175,297.804048,293.08352,286.978225,281.052498,276.090281
956,315.878856,302.621466,295.194614,291.287845,284.823415,279.975093,275.366853
957,312.261713,297.402597,292.384453,289.312603,284.823415,279.975093,275.12571
958,315.155427,300.814935,293.388082,288.235198,283.207308,279.436391,273.919996
959,323.836571,308.843965,300.614209,293.622222,285.00298300000003,279.03,276.090281
960,317.325713,304.62872400000003,300.012032,293.442655,285.90082,280.693363,276.572567
961,324.318856,311.051948,303.62509500000004,298.470544,289.671738,281.08,275.366853
962,318.531427,307.63961,300.614209,295.058762,288.7739,281.05,274.64342400000004
963,323.595428,313.460657,302.621466,296.67487,289.312603,281.0,277.537139
964,317.325713,306.836707,299.409854,293.981357,289.133035,280.96,276.090281
965,315.637713,305.030175,299.008403,294.52006,288.235198,281.0,274.64342400000004
966,312.261713,300.212757,292.986631,288.235198,283.925578,280.513796,273.919996
967,309.850284,296.80042000000003,292.183728,287.516928,282.309471,278.897688,274.64342400000004
968,313.70857,300.814935,294.793162,290.92871,286.080388,278.99,275.84913900000004
969,314.431999,300.814935,293.990259,290.749142,285.90082,282.129903,278.260567
970,326.489142,313.059205,304.227272,298.829679,291.467412,283.207308,277.537139
971,325.042285,309.847593,303.022918,297.931842,292.903952,284.46428,276.572567
972,320.942856,310.449771,303.62509500000004,298.290977,291.467412,283.207308,275.366853
973,321.666285,308.843965,303.022918,296.854437,291.287845,284.284713,277.295996
974,319.978285,302.822192,297.201871,294.160925,289.133035,284.823415,276.572567
975,317.325713,301.617838,295.194614,291.826547,286.61909,282.668606,276.572567
976,303.339426,291.782276,287.56703500000003,284.823415,281.591201,278.897688,274.64342400000004
977,304.062855,287.767761,285.158326,282.668606,279.975093,276.922446,275.12571
978,306.233141,293.187356,289.172841,286.439523,281.77076800000003,278.358986,275.366853
979,310.573713,298.406226,295.194614,289.133035,284.284713,279.436391,275.12571
980,326.73028500000004,311.854851,303.825821,299.009247,292.36525,282.129903,275.12571
981,324.559999,311.654125,305.431627,300.445787,293.981357,282.129903,276.81371
982,326.73028500000004,314.865737,305.632353,298.829679,291.467412,281.052498,274.64342400000004
983,329.624,315.869366,307.238159,300.086652,292.006115,283.207308,277.537139
984,321.666285,310.449771,304.227272,298.829679,292.006115,283.74601,275.366853
985,322.389713,311.654125,303.022918,298.290977,292.544817,284.46428,276.572567
986,308.64457000000004,302.220015,297.201871,292.544817,287.516928,282.309471,278.019424
987,312.261713,298.606951,293.990259,289.851305,286.080388,281.77076800000003,277.295996
988,310.814855,299.209129,292.384453,288.05563,285.00298300000003,280.513796,276.090281
989,310.573713,298.004774,293.388082,288.7739,284.284713,280.154661,276.090281
990,323.113142,308.643239,301.818563,295.058762,287.696495,281.591201,276.572567
991,317.08457000000004,306.836707,299.61058,295.058762,289.851305,282.848173,278.260567
992,322.148571,311.854851,304.82945,297.752274,290.92871,283.74601,275.84913900000004
993,321.425142,307.63961,299.61058,294.160925,289.312603,281.77076800000003,276.090281
994,318.77257000000003,305.230901,298.2055,292.544817,287.516928,281.591201,277.295996
995,320.701713,310.449771,301.216386,295.058762,288.235198,282.848173,278.019424
996,316.361142,304.396271,297.603323,290.92871,286.439523,281.77076800000003,276.572567
997,323.595428,310.449771,300.614209,295.058762,288.7739,282.309471,276.572567
998,315.155427,302.621466,297.001146,291.826547,287.157793,282.309471,276.090281
999,314.431999,303.424369,297.603323,292.36525,288.235198,282.848173,277.295996
